<<PMCA SPECTRUM>>
TAG - live_data
DESCRIPTION - 
GAIN - 5
THRESHOLD - 0
LIVE_MODE - 0
PRESET_TIME - 0
LIVE_TIME - 1.614000
REAL_TIME - 11.930000
START_TIME - 09/20/2019 09:48:07
SERIAL_NUMBER - 0
<<DATA>>
0
0
1294
2891
5755
6190
5582
5155
4669
4326
3833
3530
3211
2930
2605
2454
2278
2027
2013
1778
1734
1612
1516
1345
1249
1269
1097
1062
1075
905
878
839
696
629
604
550
481
414
404
324
322
297
279
238
229
187
219
192
173
152
136
111
129
114
91
78
83
76
97
77
89
63
64
50
60
57
57
59
45
53
65
40
52
35
53
53
40
58
66
58
51
62
49
41
51
42
35
48
51
41
37
63
58
40
45
73
55
72
73
63
83
85
97
138
146
146
143
161
147
174
189
202
209
220
229
250
236
258
248
285
336
318
326
367
395
387
405
409
448
434
473
460
483
529
480
544
555
572
604
613
596
634
661
659
740
722
720
729
762
778
817
869
826
856
904
890
896
906
964
1018
998
1054
951
1070
1094
1154
1162
1167
1129
1163
1174
1200
1312
1256
1328
1333
1260
1385
1376
1395
1423
1414
1482
1494
1423
1502
1522
1570
1545
1569
1629
1655
1582
1614
1631
1666
1722
1733
1710
1697
1768
1767
1816
1808
1757
1822
1915
1865
1938
1972
1848
1994
2047
2039
1971
1974
1951
2028
2104
2035
2166
2068
2070
2134
2066
2154
2245
2118
2180
2225
2332
2216
2349
2270
2304
2349
2289
2415
2297
2424
2266
2331
2375
2428
2379
2469
2450
2379
2402
2494
2395
2479
2502
2519
2509
2400
2460
2448
2528
2521
2554
2529
2470
2438
2682
2551
2502
2547
2402
2583
2551
2607
2616
2643
2635
2726
2675
2673
2568
2665
2640
2691
2724
2708
2698
2707
2796
2751
2671
2759
2777
2636
2664
2749
2785
2713
2824
2758
2824
2747
2772
2803
2763
2791
2893
2801
2925
2880
2776
2763
2853
2852
2900
2887
2835
2920
3006
2885
2866
2894
2890
2888
2872
2845
2867
2968
2993
2985
2974
2898
3056
2914
3018
3041
3057
3047
3004
2880
2957
2832
3019
2951
2952
2989
3035
2911
2941
3029
3022
3024
3021
3053
3015
2963
3022
3045
3135
3078
3069
3058
3161
3135
3050
3023
3054
3098
3202
3185
3142
3017
3041
3108
3142
3145
3162
3076
3086
3151
3191
3120
3122
3267
3124
3127
3189
3254
3199
3150
3145
3215
3136
3105
3189
3104
3194
3217
3224
3194
3259
3294
3153
3330
3277
3326
3241
3223
3174
3266
3325
3266
3283
3252
3241
3266
3167
3242
3369
3344
3380
3347
3299
3380
3341
3391
3465
3343
3310
3318
3320
3357
3413
3445
3446
3329
3431
3389
3526
3427
3404
3365
3480
3418
3405
3405
3451
3525
3520
3579
3488
3427
3522
3489
3491
3581
3601
3367
3545
3593
3504
3504
3628
3528
3560
3497
3564
3474
3426
3495
3487
3541
3574
3662
3563
3648
3646
3680
3591
3621
3584
3641
3595
3637
3719
3628
3710
3814
3594
3494
3649
3704
3645
3636
3824
3632
3625
3583
3671
3670
3653
3685
3640
3633
3803
3777
3758
3758
3839
3752
3737
3898
3741
3775
3819
3661
3741
3661
3696
3797
3739
3803
3852
3807
3866
3781
3868
3819
3869
3786
3820
3942
3976
3807
3747
3797
3793
3805
3869
3838
3829
3830
3980
3927
4048
3957
3915
3853
3964
3878
3922
3918
3984
4025
3874
4020
3913
3982
4012
3918
4115
4044
4000
4019
3979
3990
4003
4034
4030
4160
3983
4114
4120
4059
4118
4023
4085
4165
4050
3900
4067
4071
4148
4002
4145
4110
4135
4112
4144
4044
4179
4073
4119
4135
4153
4156
4211
4149
4107
4174
4105
4121
4074
4284
4078
4149
4132
4360
4270
4180
4164
4152
4101
4233
4177
4217
4209
4273
4225
4260
4220
4301
4269
4270
4300
4333
4294
4180
4446
4344
4187
4315
4293
4249
4409
4517
4343
4210
4334
4377
4292
4294
4336
4493
4339
4318
4523
4267
4427
4326
4441
4573
4471
4474
4544
4490
4518
4577
4421
4395
4570
4502
4535
4395
4329
4563
4469
4467
4445
4450
4564
4404
4489
4367
4577
4615
4437
4550
4439
4539
4485
4544
4586
4487
4571
4451
4560
4564
4542
4604
4504
4579
4649
4576
4654
4602
4665
4546
4493
4781
4693
4551
4717
4749
4650
4574
4689
4687
4570
4818
4686
4568
4823
4558
4654
4716
4678
4679
4679
4744
4614
4729
4720
4716
4761
4634
4737
4719
4740
4645
4782
4773
4809
4748
4892
4880
4819
4784
4746
4788
4796
4784
4777
4860
4881
4751
4840
4766
4624
4865
4855
4741
4926
4791
4855
4808
4813
4744
4963
4778
4792
4881
4794
4785
4968
4819
4809
4956
4895
4763
4809
4796
4781
4990
4967
4875
4908
4998
4887
4926
4915
4867
4978
4960
4925
4785
4920
5107
4852
5072
4961
4997
4798
4890
4997
4962
5003
4988
4965
4960
4897
4989
5040
5006
4951
4997
4953
4917
4971
5031
5015
5016
5016
5083
5029
5064
5125
5127
5090
4993
4958
4924
4943
5034
4975
4977
4932
5144
5072
5041
5081
5015
5103
5051
5091
5115
5090
5121
5197
5151
5091
5155
5056
4981
5112
5171
5116
5220
5066
5176
5087
5013
4996
5094
5074
5088
5102
5199
5095
5136
5061
5182
5015
5011
5193
5043
5236
5221
5119
5102
5199
5114
5110
5213
5110
5176
5119
5029
5242
5150
5152
5134
5086
5201
5145
5192
5186
5300
5165
5240
5111
5271
5173
5142
5088
5119
5153
5161
5216
5214
5138
5217
5134
5193
5207
5295
5188
5224
5224
5238
5152
5224
5181
5175
5162
5157
5155
5205
5184
5172
5217
5270
5163
5041
5060
5240
5362
5147
5188
5132
5233
5406
5155
5149
5132
5153
5095
5065
5103
5256
5228
5206
5053
5225
5189
5234
5197
5104
5134
5122
5084
5202
5234
5246
5243
5223
5135
5015
5284
5168
5232
5196
5271
5376
5266
5194
5254
5287
5238
5156
5109
5227
5297
5088
5155
5229
5141
5191
5196
5180
5202
5157
5112
5074
5091
5148
5162
5204
5215
5240
5154
5095
5122
5149
5179
5135
5134
5121
5208
5249
5069
5094
5121
5079
5076
5204
5095
5026
5089
5107
5146
5065
5055
5094
5049
5046
5251
5169
5171
4992
5103
5118
5221
5064
5009
5031
5084
5194
5147
5063
5151
5133
5082
5063
5080
5093
5037
5133
5105
4978
5070
5075
5072
5151
5054
4934
5020
5145
5149
5030
4894
5045
4940
5017
4924
5097
5068
5012
4954
5026
4875
4950
5050
4916
5004
5072
4875
4943
5054
4954
4878
4998
5073
4980
4916
4982
4892
4918
4919
5043
4884
5019
4983
5046
4899
5047
4957
4832
4970
4941
4961
4877
4863
4826
4902
4918
4845
4904
4872
4858
4866
4835
4906
4840
4726
4708
4831
4839
4786
4777
4767
4809
4809
4774
4885
4938
4718
4826
4871
4780
4847
4774
4701
4799
4737
4759
4793
4681
4813
4812
4759
4806
4824
4758
4671
4711
4794
4717
4643
4700
4663
4727
4805
4707
4659
4619
4634
4637
4710
4611
4624
4650
4629
4657
4611
4601
4489
4618
4613
4749
4606
4491
4534
4587
4519
4519
4402
4579
4552
4497
4451
4497
4466
4479
4414
4579
4418
4432
4502
4557
4613
4541
4382
4479
4494
4465
4453
4566
4419
4506
4383
4388
4423
4495
4395
4242
4437
4494
4383
4203
4370
4370
4362
4450
4337
4292
4413
4309
4441
4240
4294
4315
4221
4131
4350
4222
4219
4246
4203
4249
4287
4274
4158
4047
4251
4144
4204
4199
4176
4089
4142
4177
4049
4094
4050
4107
4141
4108
4116
4157
3992
4225
3994
3966
4023
3852
3974
3953
3958
4112
4018
3890
3918
4006
3954
4025
4015
4039
4021
3857
4070
3824
3837
3966
3999
3891
3889
3876
3874
3836
3812
3916
3909
3656
3792
3826
3819
3708
3769
3830
3835
3684
3686
3759
3747
3769
3667
3703
3704
3705
3747
3691
3646
3706
3573
3584
3632
3617
3651
3601
3579
3616
3553
3704
3666
3566
3552
3632
3562
3472
3533
3485
3498
3422
3446
3461
3514
3477
3525
3449
3332
3494
3387
3409
3440
3339
3386
3354
3313
3430
3271
3397
3484
3342
3453
3251
3300
3217
3237
3329
3267
3218
3166
3236
3253
3386
3226
3314
3198
3192
3127
3092
3111
3149
3183
3050
3082
3108
3130
3196
3205
3149
3061
3118
3117
3065
3012
3047
3051
3012
3001
2951
2962
2970
3018
2960
2919
2979
2903
2973
2970
2836
3003
2898
2921
2887
2902
2809
2912
2910
2927
2864
2789
2751
2857
2842
2846
2843
2857
2845
2769
2836
2779
2784
2743
2732
2786
2747
2712
2716
2667
2695
2666
2711
2709
2624
2721
2692
2632
2606
2673
2631
2628
2674
2561
2660
2495
2535
2508
2474
2602
2560
2434
2407
2498
2421
2405
2500
2533
2458
2362
2459
2456
2350
2481
2381
2359
2355
2346
2356
2301
2483
2333
2394
2375
2329
2228
2332
2441
2303
2304
2211
2271
2193
2311
2241
2306
2340
2231
2248
2257
2168
2208
2317
2281
2172
2187
2255
2201
2140
2183
2264
2275
2231
2151
2157
2151
2105
2177
2148
2124
2041
2033
2022
2105
2093
2091
2047
2063
1973
1974
2030
2071
2041
2027
2067
2037
1951
1976
1881
1917
1973
1935
1965
1966
1882
1883
1916
1940
1966
1989
1890
1908
1830
1893
1922
1881
1884
1849
1796
1877
1805
1775
1758
1801
1785
1856
1814
1767
1726
1783
1753
1699
1782
1754
1811
1705
1747
1727
1709
1702
1717
1635
1679
1732
1661
1702
1682
1652
1637
1598
1631
1739
1656
1622
1687
1606
1671
1643
1648
1611
1624
1603
1613
1564
1620
1569
1589
1510
1585
1602
1541
1592
1598
1591
1521
1459
1559
1542
1521
1541
1449
1510
1486
1498
1450
1520
1484
1445
1528
1504
1438
1418
1411
1480
1466
1476
1406
1481
1411
1336
1423
1438
1356
1365
1413
1426
1398
1357
1442
1337
1349
1298
1362
1407
1387
1329
1301
1356
1333
1354
1314
1329
1291
1277
1289
1277
1223
1328
1314
1309
1241
1320
1278
1234
1336
1215
1312
1303
1266
1237
1210
1282
1251
1251
1218
1208
1197
1207
1217
1164
1171
1242
1180
1160
1166
1174
1159
1139
1147
1116
1179
1139
1154
1122
1168
1149
1170
1077
1073
1113
1125
1062
1086
1141
1149
1086
1095
1075
1059
1100
1052
1041
1075
1088
1084
1107
1012
1052
1119
1060
1076
1011
990
1086
982
1034
1014
1002
1024
997
995
1019
1074
983
980
1003
1030
921
907
997
954
960
989
971
964
1018
972
945
988
979
904
959
925
950
948
972
958
873
932
963
931
981
891
859
906
880
910
927
843
908
863
895
883
853
864
891
869
922
845
860
857
861
861
814
898
853
834
858
834
868
858
848
838
843
798
802
777
808
771
816
853
791
822
810
774
821
797
761
835
860
761
744
761
740
828
761
758
773
781
786
772
771
788
763
764
778
729
796
760
761
702
744
726
673
738
731
746
706
658
753
735
717
717
671
707
689
746
692
671
675
727
697
705
650
680
670
702
694
684
633
674
670
719
612
662
714
642
673
676
678
681
664
667
665
623
650
612
675
633
636
680
576
623
638
691
654
621
607
609
618
605
657
602
594
597
638
575
627
649
583
625
650
618
593
622
621
599
602
545
565
570
552
608
560
566
595
610
536
527
567
569
527
577
554
574
582
546
541
568
573
552
519
564
526
566
517
506
521
556
562
551
519
551
541
529
495
496
497
485
537
519
530
526
525
495
507
502
528
515
502
502
547
488
470
457
493
494
489
481
480
508
501
523
517
470
466
480
507
502
466
508
492
451
497
444
485
467
450
477
489
467
494
496
474
453
493
445
430
467
440
461
454
432
431
486
449
473
450
420
420
449
449
403
432
423
426
464
415
437
412
379
464
432
391
427
407
419
413
379
429
462
397
409
419
422
424
380
366
382
421
404
445
419
433
401
438
423
411
420
403
418
382
388
391
401
395
387
381
385
415
400
363
398
402
400
376
389
377
398
408
361
380
353
349
382
401
374
366
381
365
356
353
380
369
379
361
362
367
341
352
361
335
338
353
373
348
356
347
370
353
362
352
360
377
375
384
333
361
332
370
354
358
368
343
339
333
366
322
324
345
345
337
319
319
343
327
358
305
322
361
322
329
347
340
307
314
305
311
332
296
337
321
359
313
324
310
294
313
354
306
327
298
306
326
319
326
310
296
320
335
348
316
297
308
345
332
308
356
289
290
348
305
298
283
295
323
299
295
303
319
284
302
282
305
307
292
289
312
302
275
259
332
289
287
272
293
306
294
307
273
260
280
275
290
304
274
288
291
295
316
275
250
297
312
275
278
271
270
260
288
247
257
280
259
297
270
266
283
285
271
264
294
274
283
306
258
296
281
299
287
294
264
277
281
288
267
280
262
287
239
245
276
257
265
268
244
255
277
231
250
271
242
258
241
275
242
254
257
248
249
234
259
259
289
251
269
244
259
240
266
272
258
265
238
257
227
245
232
282
230
262
236
252
245
252
221
222
275
238
230
266
228
237
230
232
275
237
246
274
228
223
215
223
249
242
246
251
227
227
258
224
267
259
245
229
238
256
240
247
212
234
253
251
236
244
229
222
206
253
232
233
221
244
219
259
254
257
236
228
198
188
222
229
240
235
231
251
227
228
237
230
221
210
222
232
252
231
210
219
209
229
235
222
233
221
234
214
203
226
209
224
223
211
231
198
226
235
196
223
206
244
180
213
220
207
209
208
241
196
209
213
228
201
190
213
232
244
182
195
209
199
236
229
214
225
221
220
199
209
205
211
208
209
189
209
198
210
187
198
215
210
202
183
199
233
225
241
206
187
182
189
206
216
213
228
210
216
229
213
174
186
186
212
193
188
219
206
192
203
201
195
187
191
195
193
179
206
214
195
206
213
192
195
224
203
180
194
193
204
195
183
177
182
217
199
192
200
206
207
184
167
200
194
176
157
208
178
195
201
188
194
208
194
160
186
189
152
203
178
164
185
213
200
172
216
174
197
198
200
186
169
205
139
184
174
189
171
182
171
174
191
180
150
190
202
185
163
186
198
201
155
199
177
162
153
189
183
183
184
174
201
175
185
202
175
191
190
171
190
160
161
177
175
197
179
179
175
171
174
187
176
180
181
176
172
200
173
186
157
192
145
177
168
179
149
159
185
171
183
140
173
161
160
173
179
161
170
157
138
174
171
156
168
188
184
167
130
177
192
161
198
156
169
163
163
156
150
169
158
160
172
159
148
169
168
176
151
176
154
154
142
182
149
166
146
155
168
154
158
147
154
153
158
193
154
155
138
160
189
117
145
144
137
165
146
186
159
173
154
163
161
174
162
143
137
156
159
157
148
142
138
136
163
128
173
148
174
178
156
157
146
156
138
139
158
146
129
156
148
134
149
134
154
150
131
145
153
147
146
129
142
145
149
122
145
148
134
153
151
140
147
161
140
166
153
141
128
139
127
155
150
147
138
129
168
136
141
134
147
140
132
120
121
163
124
133
157
138
130
138
141
125
124
131
148
136
140
119
155
139
134
131
132
129
120
144
126
107
148
128
130
132
147
124
126
136
126
130
141
136
130
117
111
133
139
132
146
131
155
116
138
145
150
131
128
135
128
127
149
136
125
124
132
118
142
129
107
155
135
147
129
116
136
129
142
137
121
126
128
124
117
111
138
136
135
119
119
126
123
131
130
113
140
112
104
131
122
107
122
134
125
116
136
123
120
129
113
122
131
150
116
132
119
130
107
122
136
116
124
109
110
104
130
125
120
116
128
124
119
133
116
140
128
95
117
128
120
125
123
113
111
116
115
107
114
121
114
98
122
116
128
118
112
120
116
135
108
124
128
113
132
96
108
113
122
130
110
141
92
116
125
111
111
119
132
124
113
111
117
109
104
102
115
110
116
118
98
105
122
123
109
96
112
105
110
94
104
101
121
112
121
108
112
99
107
96
125
107
102
94
111
114
105
120
86
122
100
127
108
99
104
109
100
101
90
99
92
97
104
124
115
89
127
126
113
108
95
107
124
103
90
114
98
107
107
87
88
84
97
89
90
114
96
114
99
93
105
97
94
104
110
106
99
118
87
102
96
110
101
97
102
86
107
88
104
95
92
98
97
88
83
114
119
102
93
89
90
96
95
109
113
88
85
114
82
109
116
106
107
96
81
103
89
99
126
86
87
76
124
85
101
100
77
101
75
82
112
99
91
104
109
91
100
113
103
90
85
105
84
92
88
102
91
88
100
94
97
97
84
77
109
100
73
71
106
79
98
90
79
89
107
89
83
84
92
83
95
99
81
82
87
86
86
93
106
103
90
80
77
82
86
94
76
88
95
80
79
106
93
80
96
73
98
85
74
80
107
77
79
79
81
69
87
94
95
84
75
77
79
86
89
91
89
98
84
69
105
82
81
98
72
88
85
95
89
91
78
78
83
91
85
81
78
76
97
85
79
94
80
71
79
73
84
77
69
85
85
72
81
79
83
86
94
84
78
79
74
71
88
100
60
70
80
74
98
72
84
88
82
87
80
81
71
80
78
90
104
66
76
82
84
72
72
79
84
81
80
90
64
80
74
76
69
80
82
74
82
79
77
80
86
65
73
67
81
67
74
65
87
91
64
64
80
77
84
66
84
91
70
80
70
84
77
64
59
66
64
80
65
88
62
68
77
57
79
64
79
65
98
80
55
69
78
72
65
85
55
80
63
78
80
57
74
77
68
60
65
76
66
60
82
71
78
62
65
68
49
54
74
50
57
64
64
60
61
81
60
62
80
72
76
75
56
68
83
74
64
87
67
61
70
68
68
62
62
68
70
74
72
75
59
64
69
58
68
69
69
58
60
58
76
60
62
71
59
70
58
52
63
77
73
70
56
63
68
56
73
65
51
64
75
62
60
51
51
70
62
67
60
65
71
64
73
68
50
64
70
57
68
68
57
71
65
62
68
61
56
70
67
54
55
61
59
65
73
67
67
57
74
53
53
77
55
63
72
50
62
61
53
58
81
70
58
69
62
49
56
59
71
56
45
61
56
64
62
60
64
67
61
63
68
54
62
48
54
48
57
57
50
68
57
40
60
60
62
68
46
62
52
62
43
47
52
48
59
48
59
61
60
60
55
65
54
41
71
49
69
56
57
53
56
53
54
57
51
67
59
36
46
52
61
56
43
58
62
54
57
52
54
61
50
47
49
51
67
44
56
54
46
49
59
51
57
58
64
57
51
61
52
37
57
53
46
46
51
59
43
49
54
55
48
54
39
54
61
51
53
63
53
62
50
46
51
54
53
61
51
63
45
52
48
61
34
52
59
55
59
57
45
41
50
36
46
47
46
41
52
48
50
39
39
44
48
44
46
55
56
38
47
55
57
42
44
51
50
57
38
56
43
63
52
49
54
56
65
54
33
47
42
53
50
47
44
40
47
51
52
53
45
36
43
43
52
35
52
51
41
70
45
53
47
56
44
47
51
52
46
43
53
49
39
50
51
27
39
42
60
48
42
50
53
46
48
43
43
51
44
50
44
41
43
38
56
64
39
47
50
39
46
36
33
28
57
45
53
42
49
41
41
43
47
43
39
47
34
37
39
43
45
45
47
31
40
34
48
29
35
42
38
34
48
47
45
51
40
34
47
45
40
44
37
37
38
39
50
35
35
34
38
42
44
41
41
31
31
47
55
46
42
43
37
51
49
45
49
44
47
39
39
39
30
45
51
42
50
44
36
39
50
37
41
43
41
40
40
39
45
37
36
47
54
35
36
37
40
34
30
45
36
37
38
47
55
47
38
43
28
44
41
31
36
48
31
40
44
44
41
44
38
43
45
38
37
40
40
37
30
40
38
38
51
38
43
34
33
45
38
31
30
41
44
39
45
48
30
39
38
40
32
41
28
43
41
39
36
28
30
30
39
39
36
29
29
40
37
34
37
30
45
42
34
41
40
38
39
30
39
36
34
41
32
35
26
38
26
32
41
37
37
33
43
48
36
25
30
40
36
26
31
41
32
38
28
46
43
42
28
31
39
34
49
27
43
27
36
30
36
33
35
28
32
38
36
28
41
31
24
24
35
28
32
26
33
32
36
32
19
28
33
25
48
30
29
33
31
24
31
27
52
23
34
30
33
30
38
30
32
36
22
27
30
28
43
26
35
34
31
42
35
38
30
34
28
42
34
35
33
36
28
30
37
35
39
30
28
30
31
31
39
26
29
34
33
32
21
34
33
34
47
38
38
37
20
38
37
32
25
37
28
34
24
29
35
25
30
26
35
37
37
33
33
31
28
27
29
34
31
28
22
30
34
32
32
25
25
28
38
41
27
27
23
33
32
33
21
28
35
24
31
26
25
27
38
29
20
27
22
40
29
25
31
28
22
36
29
23
31
24
27
34
25
35
30
28
32
31
33
25
27
22
18
27
39
27
22
23
20
28
33
18
26
25
20
37
35
17
25
25
31
27
20
34
31
29
31
27
30
27
27
17
31
30
30
31
27
29
26
29
41
25
16
27
30
36
31
24
23
20
28
41
24
30
28
24
23
33
21
24
38
27
22
36
25
19
27
24
14
31
26
25
22
23
24
30
25
26
26
31
23
34
23
20
30
30
33
35
26
29
28
25
26
28
33
27
29
25
23
30
28
19
15
22
21
24
25
31
26
20
20
20
23
26
28
28
25
20
32
23
19
22
23
32
27
19
27
19
20
23
12
21
34
25
26
16
29
32
22
21
19
30
28
25
25
30
19
20
29
21
33
18
27
20
27
19
22
27
23
26
19
31
31
24
30
18
27
18
17
21
25
19
29
14
23
16
23
17
17
26
20
24
27
18
24
29
20
18
20
27
30
16
18
17
28
15
24
21
25
22
12
19
28
18
19
24
22
27
28
29
22
19
32
24
25
18
19
27
24
17
18
28
20
11
16
21
24
21
25
16
16
17
21
21
27
21
22
24
26
13
22
14
32
17
19
19
15
22
20
15
22
30
21
21
21
22
24
17
21
21
19
23
18
20
16
17
12
18
21
22
18
11
15
18
22
22
26
19
21
17
16
22
21
25
20
17
24
21
18
19
18
16
16
23
16
24
30
19
14
21
27
14
21
23
20
19
21
15
23
21
23
24
17
25
14
14
20
14
18
17
23
19
17
24
15
8
18
21
17
15
12
17
15
18
18
14
18
19
25
15
20
20
14
18
15
16
22
20
21
22
14
23
16
18
19
17
17
12
23
17
19
12
7
20
16
14
13
21
14
14
23
10
21
18
19
16
20
21
15
19
25
13
21
17
14
8
9
26
15
19
21
10
21
13
22
15
19
18
15
15
23
8
18
16
15
13
26
11
17
13
18
18
18
18
18
12
12
20
19
22
16
16
21
18
22
19
13
11
20
18
15
14
9
18
18
16
16
14
23
21
14
18
16
16
20
13
18
16
20
12
14
17
14
26
17
25
14
17
19
15
13
14
13
17
19
23
13
21
14
18
16
15
16
12
15
17
13
13
22
9
14
14
23
13
13
14
24
13
10
12
16
13
17
16
14
12
11
22
14
15
17
16
20
11
13
17
13
10
15
19
11
13
17
9
14
9
21
17
18
16
24
9
15
16
13
12
16
14
20
15
23
15
13
12
9
14
14
20
13
16
19
18
11
15
16
13
11
15
14
10
16
10
13
18
13
16
11
12
5
4
12
12
12
10
8
16
9
19
9
14
14
12
13
13
19
13
2
12
10
13
19
11
16
10
18
8
14
14
14
14
19
10
16
13
9
12
12
12
7
14
9
17
19
13
12
14
7
12
10
8
6
8
10
8
8
19
13
8
16
15
10
10
18
10
12
10
11
17
16
12
11
7
9
10
14
26
10
11
15
10
16
10
14
12
13
14
14
11
15
12
8
16
15
8
12
7
12
8
18
10
13
10
16
8
19
8
9
11
17
10
13
9
11
10
10
7
14
11
13
13
12
9
12
14
9
11
15
13
13
13
10
9
12
10
9
14
13
14
12
11
13
8
16
9
10
13
8
9
10
9
19
9
19
7
9
14
11
15
7
17
10
11
8
13
8
14
13
13
12
4
10
9
10
12
16
11
8
8
6
11
9
9
10
10
8
9
11
9
8
9
10
12
12
10
10
14
12
16
6
7
11
10
15
10
12
9
11
7
11
6
6
5
8
6
14
13
9
9
10
17
8
6
11
11
10
9
9
10
11
11
7
6
6
9
8
6
13
12
6
14
12
14
3
8
9
11
11
11
7
11
11
12
6
10
11
9
13
5
11
10
7
10
11
8
10
10
14
8
8
8
7
10
10
6
5
7
9
12
7
10
10
10
9
7
8
9
6
9
14
4
7
7
9
7
3
14
9
9
5
11
14
6
6
8
8
5
4
8
10
9
5
15
7
6
5
8
9
9
5
11
7
7
5
14
6
13
10
4
8
6
9
9
5
5
13
8
5
5
3
6
7
10
16
8
6
8
4
8
6
10
9
9
6
10
8
7
7
7
6
8
3
9
6
6
7
7
7
11
5
2
9
8
9
8
7
7
6
8
6
11
7
5
9
9
5
5
11
5
3
17
6
12
8
8
6
7
4
5
12
3
13
7
7
8
14
9
9
4
4
12
4
9
7
8
4
9
7
13
9
8
8
8
4
3
8
8
3
5
9
7
5
3
8
6
9
5
9
8
8
14
5
10
6
6
6
5
8
2
3
12
6
10
8
5
8
6
7
8
4
3
5
11
2
4
8
7
6
4
7
6
4
9
6
2
10
6
3
4
4
2
4
7
12
4
11
3
8
6
6
7
5
8
7
9
8
3
3
9
5
7
4
7
5
3
7
3
5
11
8
4
4
5
3
7
4
2
8
3
2
7
4
6
7
8
6
6
7
7
5
5
5
7
4
4
6
8
8
6
4
4
6
5
3
4
5
4
4
4
5
5
3
6
5
6
4
5
5
2
5
6
7
5
3
4
5
4
9
4
5
4
4
1
8
7
3
6
8
5
7
9
6
2
3
3
5
8
2
5
6
3
3
3
4
8
4
6
1
3
4
4
4
4
2
1
3
8
5
5
4
6
9
3
7
2
5
2
5
4
3
6
2
6
7
4
2
8
3
3
4
3
1
7
4
4
5
6
9
7
8
5
1
4
6
1
3
10
5
2
2
3
1
3
2
1
1
5
1
5
5
3
5
6
1
4
7
1
1
5
4
5
7
0
2
3
5
6
3
1
4
7
4
1
4
3
3
11
8
2
3
3
2
7
6
4
6
5
5
2
1
1
3
0
7
3
3
3
1
4
7
5
4
2
4
7
4
5
1
1
4
4
3
2
3
2
3
4
1
1
3
1
4
3
2
6
7
2
6
2
4
1
1
5
2
4
7
2
2
1
3
4
2
6
4
3
6
1
4
5
2
2
4
3
6
3
3
3
2
5
2
0
4
1
3
5
4
3
2
3
4
4
5
6
4
1
0
1
5
3
1
5
4
3
1
2
3
1
4
4
3
4
3
2
1
3
2
5
1
5
1
2
4
4
3
5
2
2
2
4
3
1
4
2
6
3
5
2
5
4
2
2
3
1
3
1
5
5
5
3
5
2
3
5
1
3
0
2
3
5
4
4
3
2
5
2
2
5
3
1
4
2
4
4
3
2
2
3
4
0
4
3
3
1
1
1
4
3
1
1
2
0
3
2
3
6
3
2
2
2
1
2
4
2
2
3
1
0
1
2
1
5
5
1
3
1
1
5
5
1
1
0
1
2
5
5
0
2
1
3
2
1
0
1
1
3
2
4
1
2
2
0
2
5
3
3
2
1
3
3
3
5
1
2
1
1
2
2
0
3
2
1
1
2
1
1
2
3
3
1
0
1
1
2
2
1
1
1
2
1
4
1
5
1
4
0
2
0
1
0
1
2
0
2
2
2
0
2
2
0
2
4
7
3
1
1
0
4
5
0
4
1
2
1
4
3
5
3
2
1
2
2
2
2
2
3
2
5
1
2
2
2
3
3
3
3
3
2
1
3
2
2
3
1
4
2
1
3
2
3
3
1
1
3
4
3
3
2
2
2
2
3
2
1
2
2
3
3
3
1
2
3
2
1
2
4
2
1
4
2
0
1
2
1
2
1
0
1
1
4
3
2
0
2
1
3
1
2
3
2
1
4
3
1
0
1
0
1
1
0
2
3
2
1
0
0
1
1
2
0
0
1
0
1
0
2
1
4
1
0
2
2
3
1
0
3
1
2
0
2
3
0
0
2
2
2
0
0
2
0
1
2
3
3
0
0
0
1
3
2
3
2
1
1
2
4
4
1
2
1
4
0
1
2
0
1
1
1
0
2
2
2
0
1
2
2
0
2
0
0
2
3
0
1
0
0
1
1
0
0
1
0
1
1
1
1
0
2
0
0
1
1
0
0
2
0
2
0
0
3
1
0
1
0
1
1
4
2
0
0
1
2
1
0
0
2
0
0
0
0
1
2
1
0
0
2
0
2
1
1
0
1
0
0
4
1
1
0
1
4
1
0
1
1
2
3
3
2
3
1
2
1
1
0
0
0
1
1
2
0
3
1
0
1
1
0
2
4
2
0
1
1
1
0
1
1
0
3
1
1
0
1
1
0
0
1
1
0
0
2
0
0
1
0
0
3
1
1
0
0
0
1
1
0
0
0
0
1
1
0
1
1
0
0
0
0
0
0
2
0
0
1
1
3
0
0
0
0
0
2
3
1
0
0
0
0
1
0
0
0
1
1
1
0
0
2
0
0
1
1
1
1
0
0
1
0
0
1
0
2
0
0
0
2
0
1
0
0
1
1
2
0
0
2
1
3
0
1
0
2
1
0
2
0
1
1
1
0
1
2
2
0
2
2
0
0
1
0
0
2
0
1
0
0
0
1
1
1
1
1
2
0
0
2
0
1
0
1
1
0
0
0
0
1
0
0
1
1
1
1
1
2
2
2
1
0
0
1
1
1
0
0
1
0
0
1
0
0
0
0
0
0
1
2
0
0
0
2
0
0
0
0
0
1
1
0
2
1
0
0
1
1
0
1
0
0
0
3
1
0
0
0
2
1
0
0
0
2
0
0
0
2
1
0
0
1
0
0
0
0
2
1
0
2
1
0
0
1
1
1
0
0
0
0
1
1
1
0
0
0
0
1
0
0
2
0
1
0
0
0
1
2
1
1
0
0
0
0
0
0
0
0
0
0
0
0
0
0
0
1
0
0
0
0
1
0
1
5
0
0
0
0
0
0
1
0
0
0
0
0
0
0
0
0
3
2
0
0
0
1
0
0
1
2
0
0
1
0
0
0
0
1
0
0
0
0
0
0
1
0
0
0
0
0
0
0
0
0
1
1
0
0
0
0
0
0
0
1
0
0
0
0
0
0
1
0
0
1
0
0
0
1
1
0
1
0
0
1
0
0
0
0
1
1
0
1
0
0
2
0
1
0
0
1
0
0
0
0
0
0
0
0
0
0
1
0
0
0
0
2
0
1
0
0
0
1
0
0
0
0
1
0
0
0
0
2
0
0
0
0
0
0
0
0
0
0
0
0
0
1
0
0
0
0
0
0
0
0
1
0
0
0
1
1
0
1
0
0
0
0
0
0
0
1
0
0
1
1
0
0
0
1
1
0
0
0
2
0
0
0
0
0
0
0
0
0
0
0
0
0
0
0
0
0
0
1
0
1
1
0
0
0
0
0
1
0
0
0
0
0
1
0
0
0
0
0
1
0
0
0
2
0
0
0
0
0
2
1
1
0
1
1
1
0
0
0
0
0
1
0
1
0
0
0
2
0
1
0
0
0
0
0
0
0
0
0
1
0
0
0
0
0
0
0
0
0
0
0
0
1
0
1
0
0
0
0
0
0
0
0
0
0
0
0
0
0
0
1
1
0
0
0
0
0
0
1
0
0
0
0
0
0
0
0
0
0
0
0
1
0
0
0
0
1
0
0
0
1
0
1
0
0
0
0
0
0
0
0
0
0
0
0
0
1
0
1
0
0
0
1
0
0
0
0
0
0
0
0
1
0
0
0
0
0
0
0
0
0
0
0
0
0
0
0
0
0
0
0
0
0
0
0
0
1
0
1
0
0
0
0
0
0
0
0
0
0
0
0
0
0
0
0
0
0
0
0
0
1
0
0
0
0
0
0
0
0
0
0
0
1
0
0
0
0
0
0
0
0
0
0
1
0
0
0
0
0
0
0
0
0
0
0
0
0
0
0
0
1
0
0
0
0
0
0
0
0
0
1
0
0
0
0
0
0
0
0
0
0
0
1
0
0
0
0
0
1
0
0
0
0
0
0
0
0
0
0
0
0
0
0
1
0
0
0
0
0
0
0
0
1
0
0
0
0
0
0
0
0
1
0
0
0
0
0
0
0
0
0
0
0
0
0
0
0
0
0
0
0
0
0
0
0
0
0
0
0
0
0
0
0
1
0
1
0
0
0
0
0
0
0
0
0
0
0
0
0
1
0
0
0
1
0
0
0
0
0
0
0
0
0
2
0
0
0
0
0
0
0
0
0
0
0
0
0
0
0
0
1
1
0
1
0
0
0
0
0
0
0
0
0
0
0
0
0
1
0
0
0
0
0
0
0
0
0
0
0
0
0
0
0
0
0
0
0
0
0
0
0
0
0
0
1
0
0
0
0
0
0
0
0
0
0
0
0
0
0
0
0
0
0
0
0
0
0
0
0
0
0
0
0
0
0
0
0
0
0
0
0
0
0
0
0
0
0
0
0
0
0
0
0
0
0
0
0
0
0
0
0
0
0
0
0
1
0
0
0
0
0
0
0
0
0
0
0
0
0
0
0
0
0
0
0
0
0
0
0
0
0
0
0
0
0
0
0
0
0
1
0
0
0
0
0
0
0
0
0
0
0
0
0
0
0
0
0
0
0
0
0
0
0
0
0
0
0
0
0
0
0
0
0
0
0
0
1
0
0
0
0
0
0
0
0
0
0
0
0
0
0
0
0
0
0
0
0
0
0
0
0
0
0
0
0
0
0
0
0
0
0
0
0
0
0
0
0
0
0
0
0
0
0
0
0
0
0
0
0
0
0
1
0
0
0
0
0
0
0
0
0
0
0
0
0
0
0
0
1
0
0
0
0
0
0
0
0
0
0
0
0
0
0
0
0
0
0
0
0
0
0
1
0
0
0
0
0
0
1
0
0
0
0
0
0
0
0
0
0
0
0
0
0
0
0
0
0
0
0
0
0
0
0
0
0
0
0
0
0
0
0
0
0
0
0
0
0
0
0
0
0
0
0
0
0
0
0
0
0
0
0
0
0
0
0
0
0
0
0
0
0
0
0
0
0
0
0
0
0
0
0
0
0
0
1
0
0
0
0
0
0
0
0
0
0
0
0
0
0
0
0
0
0
0
0
0
0
0
0
0
0
0
0
0
0
0
0
0
1
0
0
0
0
0
0
0
0
0
0
0
0
0
0
0
0
0
0
0
0
0
0
0
0
0
0
0
0
1
0
0
0
0
0
0
0
0
0
0
0
0
0
0
0
0
0
0
0
0
0
0
0
0
0
0
0
0
0
0
0
0
0
0
0
0
0
0
0
0
0
0
0
0
0
0
0
0
0
0
0
0
0
0
0
0
0
0
0
0
0
0
0
0
0
0
0
0
0
0
0
0
0
0
0
0
0
0
0
0
0
0
0
0
0
0
0
0
0
0
0
0
0
0
0
0
0
0
0
0
0
0
0
0
0
0
0
0
0
0
0
0
0
0
0
0
0
0
0
0
0
1
0
0
0
0
0
0
0
0
0
0
0
0
0
0
0
0
0
0
0
0
0
0
0
0
0
0
0
0
0
0
0
0
0
0
0
0
0
0
0
0
0
0
0
0
0
0
0
0
0
0
0
0
0
0
0
0
0
0
0
0
0
0
0
0
0
0
0
0
0
0
0
0
0
0
0
0
0
0
0
0
1
0
0
0
0
0
0
0
0
0
0
0
0
0
0
0
0
0
0
0
0
0
0
0
0
0
0
0
0
0
0
0
0
0
0
0
0
0
0
0
0
0
0
0
0
0
0
0
0
0
0
0
0
0
0
0
0
0
0
0
0
0
0
0
0
0
0
0
0
0
0
0
0
0
0
0
0
0
0
0
0
0
0
0
0
0
0
0
0
0
0
0
0
0
0
0
0
0
0
0
0
0
0
0
0
0
0
0
0
0
0
0
0
0
0
0
0
0
0
0
0
0
0
0
0
0
0
0
0
0
0
0
0
0
0
0
0
0
0
0
0
0
0
0
0
0
0
1
0
0
0
0
0
0
0
0
0
0
0
0
0
0
0
0
0
0
0
0
0
0
0
0
1
0
0
0
0
0
0
0
0
0
0
0
0
0
0
0
0
0
0
0
0
0
0
0
0
0
0
0
0
0
0
0
0
0
0
0
0
0
0
0
0
0
0
0
0
0
0
0
0
0
0
0
0
0
0
0
0
0
0
0
0
0
0
0
0
0
0
0
0
1
0
0
0
0
0
0
0
0
0
0
0
0
0
0
0
0
0
0
0
0
0
0
0
0
0
0
0
0
0
0
0
0
0
0
0
0
0
0
0
0
0
0
0
0
0
0
0
0
0
0
0
0
0
0
0
0
0
0
0
0
0
0
0
0
0
0
0
0
0
0
0
0
0
0
0
0
0
0
0
0
0
0
0
0
0
0
0
0
0
0
0
0
0
0
0
0
0
0
0
0
0
0
0
0
0
0
0
0
0
0
0
0
0
0
0
0
0
0
0
0
0
0
0
0
0
0
0
0
0
0
0
0
0
0
0
0
0
0
0
0
0
0
0
0
0
0
0
0
0
0
0
0
0
0
0
0
0
0
0
0
0
0
0
0
0
0
0
0
0
0
0
0
0
0
0
0
0
0
0
0
0
0
0
0
0
0
0
0
0
0
0
0
0
0
0
0
0
0
0
0
0
0
0
0
0
0
0
0
0
0
0
0
0
0
0
0
0
0
0
0
0
0
0
0
0
0
0
0
0
0
0
0
0
0
0
0
0
0
0
0
0
0
0
0
0
0
0
0
0
0
0
0
0
0
0
0
0
0
0
0
0
0
0
0
0
0
0
0
0
0
0
0
0
0
0
0
0
0
0
0
0
0
0
0
0
0
0
0
0
0
0
0
0
0
0
0
0
0
0
0
0
0
0
0
0
0
0
0
0
0
0
0
0
0
0
0
0
0
0
0
0
0
0
0
0
0
0
0
0
0
0
0
0
0
0
0
0
0
0
0
0
0
0
0
0
0
0
0
0
0
0
0
0
0
0
0
0
0
0
0
0
0
0
0
0
0
0
0
0
0
0
0
0
0
0
0
0
0
0
0
0
0
0
0
0
0
0
0
0
0
0
0
0
0
0
0
0
0
0
0
0
0
0
0
0
0
0
0
0
0
0
0
0
0
0
0
0
0
0
0
0
0
0
0
0
0
0
0
0
0
0
0
0
0
0
0
0
0
0
0
0
0
0
0
0
0
0
0
0
0
0
0
0
0
0
0
0
0
0
0
0
0
0
0
0
0
0
0
0
0
0
0
0
0
0
0
0
0
0
0
0
0
0
0
0
0
0
0
0
0
0
0
0
0
0
0
0
0
0
0
0
0
0
0
0
0
0
0
0
0
0
0
0
0
0
0
0
0
0
0
0
0
0
0
0
0
0
0
0
0
0
0
0
0
0
0
0
0
0
0
0
0
0
0
0
0
0
0
0
0
0
0
0
0
0
0
0
0
0
0
0
0
0
0
0
0
0
0
0
0
0
0
0
0
0
0
0
0
0
0
0
0
0
0
0
0
0
0
0
0
0
0
0
0
0
0
0
0
0
0
0
0
0
0
0
0
0
0
0
0
0
0
0
0
0
0
0
0
0
0
0
0
0
0
0
0
0
0
<<END>>
<<DP5 CONFIGURATION>>
RESC=?;    Reset Configuration
PURE=OFF;    PUR Interval On/Off
MCAS=NORM;    MCA Source
MCAC=8192;    MCA/MCS Channels
SOFF=OFF;    Set Spectrum Offset
GAIA=2;    Analog Gain Index
PDMD=NORM;    Peak Detect Mode (Min/Max)
THSL=0.012;    Slow Threshold
TLLD=OFF;    LLD Threshold
GATE=HI;    Gate Control
AUO1=PEAKH;    AUX_OUT Selection
PRER=OFF;    Preset Real Time
PREL=OFF;    Preset Live Time
PREC=OFF;    Preset Counts
PRCL=0;    Preset Counts Low Threshold
PRCH=8191;    Preset Counts High Threshold
SCOE=RI;    Scope Trigger Edge
SCOT=12;    Scope Trigger Position
SCOG=4;    Digital Scope Gain
MCSL=0;    MCS Low Threshold
MCSH=8191;    MCS High Threshold
MCST=0.01;    MCS Timebase
AUO2=ICR;    AUX_OUT2 Selection
GPED=RI;    G.P. Counter Edge
GPIN=AUX2;    G.P. Counter Input
GPME=ON;    G.P. Counter Uses MCA_EN?
GPGA=ON;    G.P. Counter Uses GATE?
GPMC=ON;    G.P. Counter Cleared With MCA Counters?
MCAE=OFF;    MCA/MCS Enable
PDMD=NORM;
<<DP5 CONFIGURATION END>>
<<DPP STATUS>>
Device Type: MCA8000D
Serial Number: 1319
Firmware: 6.09  Build:  0
FPGA: 1.08
Slow Count: 6100966
GP Count: 0
Real Time: 14346.261000
Live Time: 1.614000
Board Temp: 39°C
<<DPP STATUS END>>
