<<PMCA SPECTRUM>>
TAG - live_data
DESCRIPTION - 
GAIN - 5
THRESHOLD - 0
LIVE_MODE - 0
PRESET_TIME - 0
LIVE_TIME - 0.215000
REAL_TIME - 1.562000
START_TIME - 09/04/2019 10:19:32
SERIAL_NUMBER - 0
<<DATA>>
0
0
68
181
581
605
497
440
410
434
419
489
454
392
367
272
232
193
142
110
88
96
73
68
57
48
53
47
26
45
38
32
18
32
19
17
24
11
19
13
15
12
8
13
6
6
7
12
10
9
7
3
7
2
8
5
4
5
2
0
4
9
5
8
2
4
6
6
6
3
3
2
3
3
3
4
3
2
5
3
3
2
4
3
2
2
4
3
1
2
4
5
3
7
5
8
12
7
9
10
5
13
9
18
19
18
14
13
29
12
30
26
35
42
25
41
29
41
44
42
48
39
33
54
53
50
55
75
54
59
51
81
66
53
89
87
81
81
102
89
96
104
92
82
104
114
102
113
107
113
102
137
113
99
156
132
128
126
137
142
146
160
186
161
181
149
154
153
192
186
186
190
195
181
184
198
208
210
215
202
222
249
212
224
238
225
227
244
216
264
263
251
246
260
266
259
278
280
256
296
297
258
273
286
281
299
314
301
318
322
287
284
318
303
349
320
313
357
312
334
299
330
304
336
342
315
350
312
330
337
330
375
370
362
384
382
354
351
387
401
390
384
376
366
424
383
385
385
398
415
413
379
420
400
383
404
395
411
376
412
412
410
432
391
380
374
448
398
442
439
471
425
405
450
448
453
409
477
406
429
418
449
454
460
438
429
431
478
423
443
455
475
445
471
488
471
466
479
496
471
464
454
463
473
487
466
507
473
531
497
454
462
489
495
520
476
483
478
477
489
485
466
491
524
532
498
493
502
504
513
508
501
473
512
459
496
522
539
512
499
480
539
533
455
480
498
508
482
534
514
511
554
487
494
516
514
514
529
510
531
513
475
547
529
511
517
535
489
473
511
497
531
551
517
525
554
548
522
487
523
550
509
532
560
547
541
577
533
542
534
552
543
528
516
530
513
523
549
548
581
503
560
522
557
596
541
548
542
539
578
579
568
527
575
551
576
526
614
526
553
516
560
584
568
559
580
535
566
562
557
538
566
533
554
633
542
551
562
561
552
576
570
557
554
554
574
577
592
589
602
583
569
553
613
579
549
605
537
596
580
593
550
551
583
519
599
565
569
546
528
591
602
607
581
594
570
574
605
591
575
587
581
590
602
582
614
583
610
659
602
565
633
607
559
605
580
603
585
590
596
590
589
589
611
593
642
656
575
595
600
635
549
573
620
588
645
544
588
617
591
626
609
629
635
670
628
568
616
619
611
600
653
621
592
582
544
629
603
587
662
631
650
642
628
593
635
622
602
614
632
607
676
623
576
666
655
603
614
635
618
617
643
655
656
618
631
633
630
639
683
625
604
660
660
597
662
646
601
653
604
632
581
624
629
609
604
659
596
657
643
570
657
649
649
620
608
621
596
624
633
625
629
627
651
615
650
647
644
664
612
621
645
671
653
639
640
656
670
647
605
650
635
661
665
661
622
621
669
661
620
610
621
579
591
628
621
603
696
662
613
643
592
668
626
670
649
683
648
674
577
655
651
674
645
649
629
726
634
655
601
671
605
633
624
669
683
651
618
674
653
647
656
644
619
686
670
632
660
693
710
693
613
617
654
638
676
648
677
616
657
643
658
633
628
661
637
636
639
640
672
621
638
634
665
682
630
613
611
636
666
606
663
635
651
606
678
653
665
663
669
629
638
641
644
595
649
643
645
606
650
673
664
635
653
655
646
663
643
649
596
670
645
617
629
620
588
658
595
656
677
597
640
596
633
596
656
639
642
611
656
626
634
633
639
680
587
639
659
676
635
650
628
642
590
663
632
599
602
626
616
623
641
636
635
596
603
611
660
614
644
614
615
584
622
597
576
643
616
605
613
644
610
610
674
583
645
619
595
598
639
623
605
601
630
613
631
621
579
660
663
618
584
634
590
604
630
638
657
609
613
588
618
627
618
633
615
642
615
610
593
598
581
625
633
678
658
603
605
557
628
649
608
600
631
627
579
599
593
586
555
643
609
633
584
575
561
595
629
565
597
574
647
604
599
597
610
559
573
599
600
575
569
578
617
599
584
593
576
646
557
572
578
588
612
573
606
625
578
597
550
575
587
583
575
594
590
594
546
562
572
593
660
527
562
575
601
588
582
584
554
566
572
623
636
590
633
580
554
586
625
586
552
571
565
650
569
571
567
583
522
542
557
566
565
583
548
620
580
605
555
600
597
594
554
542
567
563
567
532
592
574
558
548
531
565
553
560
546
522
554
564
574
546
505
551
539
565
545
554
539
563
576
576
553
578
540
538
522
562
527
563
594
559
544
554
527
533
544
527
547
536
549
487
509
559
547
529
542
532
499
529
561
512
540
534
533
562
534
513
542
546
534
538
553
545
547
551
490
510
507
548
524
532
511
527
564
519
505
524
491
531
502
530
521
523
539
504
495
486
537
511
467
523
527
529
517
511
482
495
547
521
517
472
495
514
450
496
464
534
499
465
470
486
491
460
500
508
488
506
480
538
484
491
514
472
480
523
472
510
500
493
509
502
507
493
502
557
500
497
512
491
520
475
525
488
463
495
477
491
472
481
465
497
490
428
456
478
484
474
474
518
482
472
450
480
469
472
518
463
486
466
495
506
464
476
495
452
480
480
456
462
496
438
481
467
488
446
470
444
469
502
475
494
454
460
423
455
483
460
469
457
432
473
503
480
415
437
471
455
461
456
457
486
444
433
421
421
445
465
419
460
409
447
441
449
419
499
420
394
404
421
399
416
428
422
458
432
408
444
416
439
425
420
443
413
427
456
454
402
439
453
437
445
419
403
400
458
434
453
376
439
410
452
402
466
421
422
445
401
404
434
463
436
400
438
487
406
435
397
427
416
405
411
387
408
414
410
386
411
426
404
451
399
434
391
430
406
392
408
429
399
418
415
383
404
379
399
421
414
434
421
422
375
429
400
405
397
412
362
416
355
405
392
368
386
412
410
370
387
409
383
396
404
382
391
385
396
409
359
395
361
367
386
377
412
397
379
400
363
385
369
332
366
359
395
361
389
368
370
393
373
340
365
354
392
364
368
378
360
405
345
386
380
355
395
356
358
329
368
385
345
386
421
350
369
353
362
329
377
392
379
346
335
369
380
383
331
378
357
338
331
312
380
365
368
345
369
382
337
346
367
362
335
342
341
354
358
329
326
370
341
310
346
307
354
309
365
346
321
320
334
327
347
338
333
359
350
315
311
305
290
320
327
327
289
318
316
314
345
296
308
339
328
317
339
327
298
289
344
363
315
313
311
310
309
304
344
338
311
314
295
303
318
330
329
321
311
326
319
296
300
290
301
314
289
294
292
320
292
293
296
303
279
326
300
308
305
251
320
304
288
322
280
325
281
291
293
276
295
272
277
290
288
277
294
293
311
259
271
313
292
284
265
269
269
274
304
278
304
255
255
274
267
269
259
275
243
255
273
254
264
269
264
290
233
262
267
282
239
288
258
272
251
222
298
252
292
291
269
258
252
229
248
240
263
263
247
250
259
259
258
266
252
253
239
244
260
256
234
251
262
250
244
236
252
252
270
252
239
222
284
235
251
229
223
251
248
261
246
239
238
264
241
281
233
261
256
226
233
214
240
210
205
223
224
251
206
197
245
223
241
230
188
222
215
224
186
216
204
220
229
222
208
245
234
203
210
202
209
225
221
213
219
236
226
210
205
200
199
210
230
216
235
208
233
217
232
209
224
197
216
195
215
226
206
190
193
211
216
189
209
205
211
223
207
194
168
184
202
211
170
186
217
188
192
186
208
212
159
204
177
195
190
205
207
195
199
212
190
178
196
209
205
180
189
202
185
184
197
189
176
183
194
203
169
182
189
188
172
181
165
192
169
162
173
170
184
168
178
168
178
200
170
177
171
191
164
168
192
176
165
147
171
183
196
161
155
157
156
168
167
156
152
167
151
173
194
158
167
160
156
147
148
161
166
177
147
134
163
178
155
149
146
152
155
134
162
148
147
153
173
146
166
146
145
136
150
168
152
160
170
152
153
146
143
170
151
162
165
142
135
121
151
142
155
143
151
138
147
121
132
145
147
160
151
138
147
155
152
149
122
151
141
143
149
143
139
147
135
141
132
169
169
118
143
137
144
138
138
127
113
128
125
145
113
139
114
124
128
147
134
128
125
137
106
120
130
126
108
131
121
124
145
137
119
116
106
109
121
112
121
117
110
132
101
107
131
113
122
116
121
110
122
117
119
127
107
125
109
114
109
111
118
119
97
99
99
88
128
101
126
120
109
110
118
102
118
100
108
110
115
104
101
105
127
103
106
122
107
98
84
120
109
114
103
105
125
100
114
101
83
123
118
96
106
110
102
110
104
86
90
102
92
96
98
82
106
105
79
104
116
107
79
99
95
119
99
104
93
104
104
88
101
88
99
110
89
97
93
105
99
98
89
111
87
95
80
90
79
79
93
90
87
97
86
74
95
85
103
83
76
86
81
75
99
91
78
90
82
106
89
79
78
92
92
104
80
95
72
73
85
76
71
77
78
67
74
89
80
98
80
76
78
80
81
70
92
79
73
80
85
71
78
85
65
76
89
78
62
102
76
83
78
65
79
88
79
83
80
74
71
73
71
63
73
66
98
88
65
66
84
82
81
75
75
76
65
63
76
71
67
75
70
80
65
71
48
69
70
62
70
61
66
68
79
59
68
69
75
73
72
63
68
64
61
67
56
70
54
72
77
60
60
71
77
62
61
70
62
73
46
52
64
64
66
55
73
60
69
62
73
65
64
55
53
64
68
66
56
49
50
47
52
59
62
59
55
59
50
56
54
77
60
62
54
49
54
53
67
58
60
56
60
50
58
62
45
59
52
71
54
45
60
64
53
63
44
46
55
54
41
53
73
57
45
51
55
47
55
69
49
49
41
63
58
55
47
57
60
52
60
49
50
48
56
43
50
47
60
53
45
53
42
49
63
48
59
49
52
58
49
55
71
47
49
41
56
49
47
54
60
53
51
48
44
48
46
42
59
44
52
34
48
36
42
40
38
50
33
47
55
53
50
44
42
52
37
53
53
47
38
42
45
49
42
45
43
36
45
49
64
38
50
45
44
47
38
38
44
36
46
35
46
57
49
46
40
43
34
33
55
40
58
37
39
37
34
43
33
37
43
44
61
54
48
38
45
34
47
45
41
35
37
39
44
37
33
46
30
37
39
37
54
30
42
43
29
29
28
35
37
35
47
33
43
24
43
40
33
32
30
32
24
33
35
44
38
26
36
42
34
40
43
50
44
38
37
24
39
40
39
27
41
43
25
33
39
31
35
39
35
32
33
35
28
32
36
30
35
32
41
26
43
41
38
26
30
36
34
34
34
31
24
38
36
29
33
31
45
29
28
31
28
41
44
42
26
35
38
30
34
25
34
17
36
31
36
34
32
26
44
43
23
31
22
39
40
36
32
34
32
22
33
23
28
31
25
23
25
34
32
20
25
23
30
30
28
25
46
34
24
35
23
28
31
25
39
31
23
24
33
32
27
30
33
30
29
32
29
35
24
18
25
30
36
21
39
27
30
29
28
27
29
24
35
18
29
24
22
38
29
27
22
23
26
25
21
36
30
19
29
29
26
24
25
38
33
20
27
35
28
16
30
23
24
29
26
35
23
23
31
35
24
25
15
32
24
28
24
26
23
26
29
20
33
28
24
26
19
30
19
15
21
28
19
21
26
27
20
23
20
23
20
16
22
16
16
26
28
28
19
25
23
21
27
15
24
23
16
20
30
21
19
27
26
19
26
23
21
24
26
22
26
17
16
24
25
23
20
19
16
25
34
14
22
31
17
16
23
14
27
24
23
22
21
26
24
17
19
29
20
15
19
24
16
19
22
22
22
23
26
22
22
23
17
33
23
14
27
21
28
24
20
24
19
23
18
19
21
11
19
17
18
25
22
20
14
19
22
22
20
22
10
19
19
17
20
15
14
18
19
26
29
20
29
21
15
18
16
19
18
20
34
25
15
16
16
23
18
16
15
16
17
14
14
19
9
19
22
17
12
19
19
13
19
27
19
16
18
11
18
20
16
11
18
16
17
21
20
11
10
18
17
19
16
21
18
20
13
14
19
17
17
20
16
21
12
14
20
17
18
10
23
14
18
13
20
27
13
14
20
15
26
17
13
13
15
19
18
9
11
16
11
14
21
11
19
16
15
20
12
13
19
18
15
17
12
15
17
17
15
11
12
14
16
19
19
17
14
17
22
16
16
16
15
15
14
17
14
14
20
18
11
16
19
16
19
19
19
22
14
18
21
10
16
17
12
12
12
10
19
9
12
15
12
6
9
16
16
20
14
17
14
12
17
17
17
14
16
15
16
16
8
10
13
16
13
11
11
10
7
10
17
13
16
16
14
12
9
15
18
15
13
11
18
13
12
9
14
11
12
17
15
9
11
17
14
8
10
17
9
17
18
13
15
14
14
18
10
12
11
16
17
10
11
8
8
8
17
17
14
15
12
17
10
15
10
17
10
14
8
10
17
7
13
13
14
14
7
20
10
16
14
11
15
5
11
6
12
12
12
11
6
8
12
11
16
16
15
10
5
9
12
9
9
8
15
6
20
13
9
16
13
17
7
7
10
17
9
20
12
7
13
10
17
6
9
11
12
6
12
6
12
12
11
7
14
11
11
8
10
9
13
15
10
8
12
9
14
9
7
9
11
12
9
10
16
10
10
12
10
12
20
12
14
10
18
10
13
10
11
11
14
9
11
9
14
11
14
8
11
13
4
14
5
4
8
14
7
10
11
7
13
6
15
7
11
11
9
10
10
16
9
17
9
10
10
8
13
13
13
10
11
13
8
14
7
9
9
16
10
7
10
8
18
5
16
6
10
19
14
9
7
7
9
7
9
9
16
9
9
13
7
7
7
15
3
14
7
8
9
8
6
13
3
8
6
12
5
12
5
13
10
9
10
16
15
9
10
7
5
10
16
15
7
8
7
10
10
6
12
10
12
4
8
14
4
6
13
11
13
6
8
7
9
9
10
7
5
10
8
10
7
12
10
7
6
6
6
8
10
11
3
5
10
6
13
7
6
8
5
10
7
7
8
8
6
11
4
1
8
9
9
7
8
2
8
12
4
4
7
7
2
6
10
4
9
11
6
8
13
8
4
9
6
8
13
11
3
7
8
14
10
8
6
6
9
6
9
15
6
3
9
8
7
5
7
8
14
13
11
8
7
9
6
9
8
8
8
13
8
9
7
8
12
10
4
7
5
6
5
8
5
4
8
7
10
13
10
12
3
13
6
10
7
6
5
5
6
5
6
5
9
8
7
9
8
12
8
6
4
8
3
6
12
3
8
6
8
9
2
8
10
7
4
4
4
11
5
8
6
2
8
8
5
5
5
10
9
5
4
4
12
4
7
6
7
7
9
4
6
8
9
14
6
9
5
8
10
11
8
5
3
10
9
5
3
2
7
5
8
8
2
9
11
11
6
3
8
5
10
2
6
3
6
8
10
4
7
6
8
5
7
6
6
4
10
1
6
8
9
9
6
3
7
9
4
4
5
4
8
7
3
6
7
6
6
4
2
4
11
8
9
5
7
9
5
4
6
6
7
5
4
6
2
6
6
4
10
7
8
8
8
4
7
6
5
3
5
7
7
6
6
3
6
4
8
6
6
7
6
8
6
10
3
3
3
3
4
2
4
6
6
8
5
6
9
5
5
10
7
9
6
4
3
4
4
5
4
6
5
6
5
6
4
5
5
10
6
4
9
3
8
4
3
6
10
11
3
7
6
2
3
9
2
7
8
5
1
4
7
10
8
3
6
4
4
4
5
6
6
3
3
7
5
9
3
6
6
2
6
12
3
3
1
5
3
9
7
4
4
2
4
9
4
0
8
3
4
6
5
8
8
5
7
5
5
5
4
4
6
6
2
3
4
6
4
3
5
4
6
7
3
2
7
7
12
5
6
0
6
5
6
3
7
8
3
7
8
8
8
5
3
1
5
5
6
6
5
3
5
4
4
5
6
9
5
5
3
6
6
2
3
3
5
4
8
2
2
6
7
7
5
4
4
2
2
3
3
5
5
6
8
3
3
3
7
8
11
5
2
2
6
10
3
7
1
5
5
2
4
2
3
7
8
2
2
7
7
2
5
2
3
5
4
4
5
3
3
2
7
3
8
6
7
5
6
4
6
6
6
7
5
4
3
4
9
5
8
7
7
4
6
2
3
4
6
5
9
4
5
4
7
2
4
4
5
0
4
3
8
6
3
3
5
8
8
3
4
5
5
5
2
7
3
4
4
3
7
3
3
6
4
2
5
2
3
5
1
4
4
3
7
6
4
1
5
2
3
4
2
4
4
1
1
3
6
6
2
1
3
5
2
4
6
4
8
5
4
2
2
3
3
2
3
3
5
3
6
2
5
2
3
7
3
7
2
3
4
3
4
8
4
4
1
3
4
2
4
2
2
9
2
1
6
4
5
4
4
4
5
7
0
2
3
2
3
4
3
4
9
5
4
4
3
3
4
5
6
1
4
5
3
3
3
0
5
1
3
1
3
4
6
2
1
6
2
7
3
7
3
4
5
4
8
3
7
0
4
3
2
6
1
4
6
3
3
4
2
5
5
4
2
2
2
5
3
3
4
2
5
0
5
9
4
1
0
5
3
8
2
6
4
4
1
5
2
3
3
6
2
8
2
2
0
3
2
6
0
2
5
5
1
5
6
4
6
2
2
7
2
2
2
3
5
1
3
1
1
3
3
2
4
2
1
0
3
3
4
1
3
3
5
3
2
4
2
3
6
4
6
3
3
4
2
1
3
4
3
1
2
2
3
5
1
3
5
2
3
6
2
2
1
1
3
3
6
4
2
4
3
5
5
7
6
2
1
5
4
2
1
1
2
4
3
6
5
2
3
3
2
3
3
3
4
3
3
4
5
2
3
2
5
2
3
5
6
1
3
2
2
1
3
4
3
3
8
3
1
4
4
4
4
1
4
2
4
0
6
5
0
5
1
2
1
5
1
6
2
5
2
5
2
3
3
3
2
3
1
5
2
5
4
0
2
5
2
4
1
5
3
5
3
2
2
4
4
5
2
4
1
6
2
4
1
1
2
3
1
2
2
3
1
1
1
5
4
0
0
3
1
1
6
2
4
0
0
6
1
3
4
0
3
2
5
4
6
4
3
4
3
5
4
4
4
3
0
2
3
1
4
3
3
4
2
2
3
1
3
2
5
2
1
3
1
3
7
1
4
2
1
5
3
7
2
3
2
2
0
3
2
1
4
3
0
4
3
2
4
2
2
4
6
1
0
2
3
4
4
4
2
7
5
4
1
2
3
1
2
3
1
4
2
2
2
0
1
7
2
0
1
5
6
4
1
3
5
5
2
1
3
4
0
3
6
1
0
6
1
3
2
2
2
1
3
2
0
3
0
3
2
0
1
2
2
2
0
3
1
1
3
3
2
1
3
0
4
2
6
1
1
4
6
6
1
3
1
3
2
1
4
4
7
4
2
2
5
1
1
4
2
3
6
2
1
3
0
3
1
7
4
3
1
3
4
2
3
1
2
3
2
1
1
3
2
4
0
1
3
3
1
5
1
1
1
1
2
4
4
2
6
5
0
3
1
3
0
1
2
4
2
3
3
3
1
2
2
2
1
3
3
3
3
0
3
2
1
0
3
1
2
3
1
4
2
2
0
2
3
4
0
1
2
2
2
4
2
3
1
0
2
3
3
3
2
2
2
4
1
2
2
7
4
1
2
4
4
3
3
0
2
2
2
2
4
2
0
2
0
2
4
0
3
4
4
1
7
3
2
2
1
3
1
5
4
4
3
3
2
1
2
2
3
1
2
7
1
3
3
0
3
2
4
2
1
1
3
2
1
1
3
0
2
0
4
0
1
2
3
1
4
1
4
1
3
2
3
1
3
1
3
4
3
0
0
3
3
1
3
4
1
1
2
3
3
2
2
0
4
3
1
2
4
0
2
2
5
4
0
2
2
4
2
2
4
4
3
2
2
0
0
1
1
1
5
2
4
1
0
2
4
1
1
2
3
4
3
2
2
4
1
1
1
4
1
5
5
1
2
2
1
5
1
2
0
3
0
2
2
2
2
4
0
2
0
1
2
0
1
2
1
5
4
2
2
3
0
4
3
4
1
2
2
2
1
3
6
2
3
3
1
4
3
2
2
0
3
1
2
2
5
1
3
2
2
3
1
1
4
2
1
1
0
0
1
1
2
1
3
2
4
1
1
0
1
3
1
2
2
1
3
3
2
0
1
3
0
1
1
1
0
3
3
2
0
1
4
0
2
3
1
1
2
2
2
1
1
1
1
3
4
2
0
2
5
0
0
2
1
1
3
2
0
4
2
4
1
4
2
2
2
0
3
2
1
3
1
1
0
0
4
3
0
4
1
1
2
2
2
2
2
2
3
2
1
6
4
1
0
2
0
5
1
2
2
1
1
2
0
2
2
1
1
3
1
0
1
0
2
1
2
2
1
1
2
0
3
1
4
2
2
1
0
2
1
0
2
1
0
0
3
1
0
4
1
2
2
1
4
2
2
0
0
1
1
2
1
2
2
1
1
4
0
1
1
2
3
0
1
4
2
2
1
1
1
0
0
3
3
2
1
1
0
1
1
1
0
2
1
2
2
0
2
0
1
1
1
1
1
0
3
1
0
4
0
1
2
2
2
1
1
2
0
0
0
3
2
1
3
4
1
0
3
2
2
2
0
2
2
1
1
1
1
1
2
1
2
1
3
2
1
3
3
1
0
3
5
2
0
2
0
0
1
2
0
0
1
2
1
1
1
1
1
1
0
0
1
2
1
0
2
1
2
1
1
1
4
1
0
1
1
1
0
1
2
1
4
1
0
1
4
2
1
3
2
3
0
0
2
1
0
2
0
1
3
0
1
2
2
1
1
0
0
6
2
2
5
2
2
1
0
1
1
1
0
1
1
0
3
2
2
4
1
2
3
0
1
1
3
2
4
1
1
3
2
2
1
2
5
3
1
3
1
3
0
1
2
1
0
0
4
2
0
2
3
2
3
2
1
1
1
0
1
0
0
5
0
1
3
0
2
0
1
5
5
0
2
0
2
1
1
1
1
1
1
2
0
0
2
2
2
2
4
1
1
1
1
2
2
1
1
1
2
2
1
4
1
0
0
3
0
2
1
2
0
3
0
0
2
2
3
1
0
2
1
2
0
2
0
1
3
3
0
3
1
1
1
2
1
0
2
1
0
1
2
0
0
2
4
3
0
1
2
1
0
0
0
1
3
1
0
0
1
2
2
1
2
0
1
0
3
0
3
0
1
3
1
0
1
1
1
3
1
1
2
0
0
0
0
4
0
0
0
0
2
0
0
0
2
2
3
1
1
2
1
0
1
0
0
3
2
2
1
1
0
1
0
1
1
0
0
1
3
0
0
2
1
3
0
1
1
1
2
0
0
0
0
1
1
1
0
0
2
2
2
2
1
2
0
0
0
1
1
1
0
3
1
2
0
1
3
3
0
2
2
0
4
1
0
0
2
0
2
1
3
2
1
0
1
0
1
1
0
3
2
0
1
1
2
0
2
1
1
3
0
2
0
0
3
5
1
0
1
1
0
1
0
1
0
3
0
1
0
3
0
1
1
3
0
1
0
0
0
2
0
0
3
1
0
0
1
2
0
0
2
2
0
2
0
1
1
0
1
0
1
1
1
3
1
2
1
0
1
0
0
1
0
2
0
1
1
0
2
1
2
2
0
1
1
0
0
1
0
0
2
0
0
0
0
0
3
4
0
0
1
1
0
1
0
1
1
1
1
0
2
1
1
2
0
2
1
1
1
1
1
0
0
0
2
2
1
3
0
2
0
0
1
0
2
2
1
0
1
1
1
1
1
0
0
1
0
1
1
0
1
1
3
0
0
0
0
0
1
0
0
3
2
0
0
0
2
2
0
2
0
1
1
1
2
1
2
0
0
0
1
1
1
0
1
0
1
1
1
0
0
0
0
0
0
0
0
0
0
1
0
0
0
0
1
1
0
1
1
0
2
1
0
0
1
0
3
2
0
2
1
0
1
1
1
0
4
2
0
2
0
1
2
1
1
0
1
1
0
1
0
2
0
0
0
0
1
0
0
1
0
0
0
3
0
0
0
1
0
0
1
1
1
1
0
2
0
0
0
1
0
1
0
0
0
2
0
0
2
0
1
1
1
1
1
0
1
2
1
2
0
1
0
0
0
0
0
0
0
1
1
0
0
1
2
0
1
0
1
1
2
0
0
0
0
0
1
0
0
1
2
1
1
1
0
2
0
0
0
0
2
0
2
0
0
0
1
2
1
0
2
0
0
3
0
0
0
0
1
1
1
1
1
1
0
2
0
0
0
0
0
2
0
1
1
0
0
0
1
2
1
1
0
1
2
1
0
0
0
1
2
1
0
2
0
0
0
1
1
2
2
1
1
0
0
2
1
1
0
2
0
1
1
1
0
1
1
1
0
1
0
0
0
0
0
0
1
2
0
0
0
0
1
1
0
1
1
0
1
0
0
0
2
0
2
0
0
0
0
0
0
0
1
0
1
0
2
0
0
0
0
0
1
0
1
2
1
0
2
0
0
0
1
1
0
1
0
0
1
0
0
0
1
0
0
1
1
2
2
0
1
0
0
0
1
0
1
1
0
0
2
0
1
1
0
0
0
1
2
1
0
0
1
0
0
0
0
0
4
0
1
0
0
1
0
0
1
1
0
1
1
0
1
1
0
0
0
0
0
0
0
1
0
1
0
1
0
1
1
0
0
0
0
1
0
1
0
1
0
0
2
0
0
1
1
0
0
0
0
0
0
0
0
1
1
2
1
0
0
0
0
1
0
0
1
0
0
0
1
0
0
0
0
0
0
0
0
1
0
0
1
0
0
0
0
0
0
1
0
0
1
1
0
0
0
0
1
0
0
0
0
0
1
0
1
1
0
0
0
1
0
0
1
1
0
0
0
1
0
0
0
1
0
0
0
2
2
0
0
0
0
3
0
2
0
1
0
0
1
0
0
0
1
1
0
0
0
0
0
0
0
0
0
0
1
0
1
1
0
1
0
1
0
1
0
0
0
0
0
0
0
1
0
1
1
1
1
0
0
1
0
0
0
1
0
0
0
0
1
0
0
2
0
1
0
2
1
0
1
0
1
0
1
0
0
1
1
0
0
0
2
0
1
0
0
0
0
1
0
0
0
1
0
0
1
0
1
0
1
0
0
0
0
0
0
0
0
0
0
1
0
0
0
0
1
1
0
0
0
2
0
1
0
0
0
1
0
0
0
0
0
0
0
0
1
1
0
0
0
0
1
0
1
0
0
0
0
2
0
1
0
0
0
0
1
0
0
0
0
0
0
0
0
0
0
1
0
1
0
1
0
0
0
0
0
0
0
0
0
1
1
0
0
0
0
0
1
1
1
0
0
1
0
0
2
2
1
0
0
0
1
1
0
0
1
0
2
0
1
0
0
2
0
0
0
0
0
0
1
1
0
0
0
0
0
0
0
0
0
0
0
1
0
0
1
0
0
0
0
1
0
0
0
0
0
0
0
1
0
0
0
0
1
0
0
1
0
1
0
1
0
0
0
0
0
1
0
0
0
0
0
0
0
0
0
2
0
0
0
0
0
0
0
0
1
0
0
0
0
0
0
0
0
0
0
1
0
0
0
0
0
0
0
0
1
0
0
0
1
0
0
1
0
0
0
0
0
0
0
0
1
0
1
0
0
0
1
0
0
0
0
0
0
1
0
1
0
0
0
0
0
0
0
0
0
0
0
0
0
0
0
1
0
1
0
0
0
0
0
0
0
0
1
1
0
0
0
0
0
0
0
0
0
0
0
1
0
0
1
1
0
0
0
0
0
1
0
0
0
0
0
1
0
0
0
0
0
1
0
2
0
0
0
0
0
0
1
0
0
0
0
0
0
0
0
0
0
0
0
0
0
0
0
0
0
0
1
0
1
0
0
0
1
1
0
0
1
0
0
0
0
0
0
0
0
0
1
0
0
0
0
0
0
0
1
0
0
0
0
0
1
0
0
1
0
0
1
2
1
0
0
0
0
0
1
0
0
0
0
0
0
0
0
0
0
0
0
0
0
0
0
0
1
0
0
0
1
0
0
0
0
0
1
0
0
0
0
0
0
0
0
0
0
0
0
0
0
1
0
1
0
0
0
1
0
1
1
0
0
1
0
1
0
0
1
0
0
0
0
1
0
0
0
0
0
0
0
0
0
0
0
0
1
0
0
0
0
2
0
0
0
1
0
0
0
0
0
0
0
0
0
0
0
1
0
0
0
0
0
0
0
1
0
1
1
0
0
0
0
0
0
0
1
0
0
0
1
0
0
0
0
0
0
0
0
0
1
0
0
0
0
0
0
0
0
0
0
0
0
1
0
0
0
0
0
0
0
0
0
1
0
0
0
1
0
0
0
0
0
0
0
0
0
0
0
0
0
0
0
0
0
0
0
0
0
2
0
0
0
0
0
0
0
0
1
0
0
0
0
0
0
0
0
0
0
0
0
0
0
0
0
0
0
0
0
0
0
0
0
0
0
0
1
0
0
0
0
2
0
0
0
0
0
0
0
0
0
0
0
0
0
0
0
1
0
1
0
0
1
0
0
0
0
1
0
0
0
0
1
0
0
0
0
0
0
0
0
1
0
0
0
0
0
0
0
0
0
0
0
0
0
1
1
0
0
0
0
0
0
1
0
0
0
0
0
0
0
0
0
0
0
0
1
0
0
0
0
0
0
0
0
0
0
0
0
0
0
0
0
1
0
0
0
0
1
0
0
0
0
1
0
0
0
0
0
0
0
0
0
1
0
0
0
0
0
0
0
0
0
0
0
0
0
0
0
0
0
0
0
0
0
0
1
0
0
0
0
0
0
0
1
0
0
0
0
0
0
0
0
0
0
0
0
0
0
0
0
0
0
0
0
0
0
0
0
0
0
0
0
0
0
0
0
0
0
0
0
0
0
0
0
0
0
0
0
0
0
0
0
0
0
0
1
1
0
0
0
0
0
0
0
0
0
0
0
0
0
0
0
0
0
0
0
0
0
0
0
0
0
0
0
0
0
0
0
0
0
0
0
0
0
1
0
0
1
0
0
0
0
0
0
0
0
1
0
0
0
1
0
0
0
0
0
0
0
0
0
0
0
0
0
1
1
0
0
0
0
0
0
0
0
0
0
0
0
0
0
1
0
0
0
0
0
0
0
0
0
0
0
0
0
0
0
0
0
0
0
0
0
0
0
1
0
0
0
0
0
0
0
0
0
0
0
0
0
0
0
0
0
0
1
0
0
0
0
0
0
0
0
0
0
0
0
0
0
0
0
0
0
0
0
0
0
0
0
1
0
0
0
0
0
0
0
0
0
0
0
0
0
0
0
0
0
0
0
0
0
0
0
0
0
0
0
0
0
0
0
0
0
0
0
0
2
0
0
0
0
0
0
0
0
0
0
0
0
0
0
0
0
0
0
0
0
0
0
0
0
0
1
0
0
0
0
0
1
1
0
0
0
0
0
0
0
0
0
1
1
0
0
0
0
0
0
0
0
0
0
0
0
0
0
0
0
0
1
0
0
0
0
0
0
0
0
0
0
0
0
0
0
0
1
0
0
0
1
0
0
0
0
0
0
0
0
0
0
0
1
0
0
0
0
0
0
0
0
0
0
0
0
0
0
0
0
0
0
0
0
0
0
0
0
0
0
0
1
0
0
0
0
0
0
0
0
0
0
0
0
0
0
0
0
0
0
0
0
1
0
0
0
0
1
0
0
1
0
0
0
0
0
0
0
0
0
0
0
0
0
0
0
0
0
0
0
0
0
0
0
0
0
0
0
0
0
0
0
0
0
0
0
0
0
0
0
0
0
0
0
0
0
0
0
0
0
0
0
0
0
0
0
0
0
0
0
0
0
1
0
0
0
0
0
0
0
0
0
0
0
0
0
0
0
0
0
0
0
0
0
1
0
0
0
0
0
0
0
0
0
0
0
0
0
0
0
0
0
0
0
0
1
0
0
0
0
0
0
0
0
0
0
0
0
0
0
0
0
0
0
0
1
0
0
0
0
0
0
0
0
0
0
0
0
0
0
0
0
0
0
0
0
0
0
0
0
0
0
0
0
0
0
0
0
0
0
0
0
0
0
0
0
0
0
0
0
0
0
0
0
0
0
0
0
0
0
0
0
0
0
0
1
0
0
0
0
0
0
0
0
0
0
0
0
0
0
0
0
0
1
0
0
0
0
0
0
0
0
0
0
0
0
0
0
0
0
0
0
0
0
0
0
0
0
0
0
0
0
0
0
0
0
0
0
0
0
0
0
0
0
0
0
0
0
0
0
0
0
0
0
0
0
0
0
0
0
0
0
0
0
0
0
0
0
0
0
0
0
0
0
0
0
0
0
0
0
0
0
0
0
0
0
0
0
0
0
0
0
0
0
0
0
0
0
0
0
0
0
0
0
0
0
0
0
0
0
0
0
0
0
0
0
0
0
0
0
0
0
0
0
0
0
0
0
0
0
0
0
0
0
0
0
0
0
0
0
0
0
0
0
0
0
0
0
0
0
0
0
0
0
0
0
0
0
0
1
0
0
1
0
0
0
0
0
0
0
0
0
0
0
0
0
0
0
0
0
0
0
0
0
0
0
0
0
0
0
0
0
0
0
0
0
0
0
0
0
0
0
0
0
0
0
0
0
0
0
0
0
0
0
0
0
0
0
0
0
0
0
0
0
0
1
0
0
1
0
0
0
0
0
0
0
0
0
0
0
0
0
0
0
0
0
0
0
0
0
0
0
0
0
0
0
0
0
0
0
0
0
0
0
0
0
0
0
0
0
0
0
0
0
0
0
0
0
0
0
0
0
0
0
0
0
0
0
0
0
0
0
0
0
0
0
0
0
0
0
0
0
1
0
0
0
0
0
0
0
0
0
0
0
0
0
0
0
0
0
0
0
0
0
0
0
0
0
0
0
0
0
0
0
0
0
0
0
0
0
0
0
0
1
0
0
0
0
0
0
0
0
0
0
0
0
0
0
0
0
0
0
0
0
0
0
0
0
0
0
0
0
0
0
0
0
0
0
0
0
0
0
0
0
0
0
0
0
0
0
0
0
0
0
0
0
0
0
0
1
0
0
0
0
0
0
0
0
0
0
0
0
0
0
0
0
0
0
0
0
0
0
0
0
0
0
0
0
0
0
0
0
0
0
0
0
0
0
0
0
0
0
0
0
0
0
0
0
0
0
0
0
0
0
0
0
0
0
0
0
0
0
0
0
0
0
0
0
0
0
0
0
0
0
0
0
0
0
0
0
0
0
0
0
0
0
0
0
0
0
0
0
0
0
0
0
0
0
0
0
0
0
0
0
0
0
0
0
0
0
0
0
0
0
0
0
0
0
0
0
0
0
0
0
0
0
0
0
0
0
0
0
0
0
0
0
0
0
0
0
0
0
0
0
0
0
0
0
0
0
0
0
0
0
0
0
0
0
0
0
0
0
0
0
0
0
0
0
0
0
0
0
0
0
0
0
0
0
0
0
0
0
1
0
0
0
0
0
0
0
0
0
0
0
0
0
0
0
0
0
0
0
0
0
0
0
0
0
0
0
0
0
0
0
0
0
0
0
0
0
0
0
0
0
0
0
0
0
0
0
0
0
0
0
0
0
0
0
0
0
0
0
0
0
0
0
0
0
0
0
0
0
0
0
0
0
0
0
0
0
0
0
0
0
0
0
0
0
0
1
0
0
0
0
0
0
0
0
0
0
0
0
0
0
0
0
0
0
0
0
0
0
0
0
0
0
0
0
0
0
0
0
0
0
0
0
0
0
0
0
0
0
0
0
0
0
0
0
0
0
0
0
0
0
0
0
0
0
0
0
0
0
0
0
0
0
0
0
0
0
0
0
0
0
0
0
0
0
0
0
0
0
0
0
0
0
0
1
0
0
0
0
0
0
0
0
0
0
0
0
0
0
0
0
0
0
0
0
0
0
0
0
0
0
0
0
0
0
0
0
0
0
0
0
0
0
0
0
0
0
0
0
0
0
0
0
1
0
0
0
0
0
0
0
0
0
0
0
0
0
0
0
0
0
0
0
0
0
0
0
0
0
0
0
0
0
0
0
0
0
0
0
0
0
0
0
0
0
0
0
0
0
0
0
0
0
0
0
0
0
0
0
0
0
0
0
0
0
0
0
0
0
0
0
0
0
0
0
0
0
0
0
0
0
0
0
0
0
0
0
0
0
0
0
0
0
0
0
0
0
0
0
0
0
0
0
0
0
0
0
0
0
0
0
0
0
0
0
0
0
0
0
0
0
0
0
0
0
0
0
0
0
0
0
0
0
0
0
0
0
0
0
0
0
0
0
0
0
0
0
0
0
0
0
0
0
0
0
0
0
0
0
0
0
0
0
0
0
0
0
0
0
0
0
0
0
0
0
0
0
0
0
0
0
0
0
0
0
0
0
0
0
0
0
0
0
0
0
0
0
0
0
0
0
0
0
0
0
0
0
0
0
0
0
0
0
0
0
0
0
0
0
0
0
0
0
0
0
0
0
0
0
0
0
0
<<END>>
<<DP5 CONFIGURATION>>
RESC=?;    Reset Configuration
PURE=OFF;    PUR Interval On/Off
MCAS=NORM;    MCA Source
MCAC=8192;    MCA/MCS Channels
SOFF=OFF;    Set Spectrum Offset
GAIA=2;    Analog Gain Index
PDMD=NORM;    Peak Detect Mode (Min/Max)
THSL=0.012;    Slow Threshold
TLLD=OFF;    LLD Threshold
GATE=HI;    Gate Control
AUO1=PEAKH;    AUX_OUT Selection
PRER=OFF;    Preset Real Time
PREL=OFF;    Preset Live Time
PREC=OFF;    Preset Counts
PRCL=0;    Preset Counts Low Threshold
PRCH=8191;    Preset Counts High Threshold
SCOE=RI;    Scope Trigger Edge
SCOT=12;    Scope Trigger Position
SCOG=4;    Digital Scope Gain
MCSL=0;    MCS Low Threshold
MCSH=8191;    MCS High Threshold
MCST=0.01;    MCS Timebase
AUO2=ICR;    AUX_OUT2 Selection
GPED=RI;    G.P. Counter Edge
GPIN=AUX2;    G.P. Counter Input
GPME=ON;    G.P. Counter Uses MCA_EN?
GPGA=ON;    G.P. Counter Uses GATE?
GPMC=ON;    G.P. Counter Cleared With MCA Counters?
MCAE=OFF;    MCA/MCS Enable
PDMD=NORM;
<<DP5 CONFIGURATION END>>
<<DPP STATUS>>
Device Type: MCA8000D
Serial Number: 1319
Firmware: 6.09  Build:  0
FPGA: 1.08
Slow Count: 795903
GP Count: 0
Real Time: 12109.898000
Live Time: 0.215000
Board Temp: 39°C
<<DPP STATUS END>>
