0
0
155
618
2220
2864
2962
2861
2471
2009
1663
1286
1061
863
673
506
402
313
242
210
176
140
145
105
100
90
74
69
80
74
65
54
47
43
38
39
36
32
32
20
23
17
17
12
21
12
9
11
10
11
4
12
5
11
9
10
9
7
7
9
10
6
7
14
5
3
10
3
8
6
7
8
4
3
3
4
2
4
4
7
5
2
6
3
6
3
5
3
3
6
8
10
6
6
5
13
16
8
3
14
21
19
18
25
24
36
47
29
47
51
40
60
45
63
60
57
64
63
80
84
74
90
89
100
103
122
127
119
136
132
150
147
176
166
169
165
175
192
184
191
198
215
239
226
204
248
227
262
243
270
282
254
295
317
288
302
334
322
362
358
379
418
412
422
390
402
420
445
443
460
449
438
481
490
489
478
503
510
495
532
519
530
543
591
613
610
602
608
630
583
605
595
641
648
673
685
661
671
743
746
752
698
719
693
711
797
707
779
803
775
793
777
831
857
798
829
852
895
849
857
891
866
876
944
912
871
874
966
890
1021
974
994
1018
973
920
986
993
1002
990
1007
1022
1055
988
1020
1045
1088
1069
1053
1059
1050
1077
1068
1066
1129
1082
1091
1150
1157
1107
1109
1155
1165
1114
1137
1173
1126
1133
1207
1186
1191
1220
1191
1234
1180
1247
1130
1239
1226
1191
1225
1173
1221
1257
1186
1228
1325
1284
1243
1270
1296
1332
1318
1305
1219
1364
1296
1320
1287
1277
1233
1283
1320
1310
1386
1305
1320
1346
1312
1288
1428
1293
1353
1384
1362
1329
1347
1356
1367
1364
1329
1378
1407
1427
1455
1388
1425
1439
1350
1468
1402
1419
1396
1444
1428
1484
1454
1422
1466
1474
1497
1388
1437
1447
1424
1448
1451
1425
1486
1455
1487
1494
1504
1406
1484
1440
1539
1513
1488
1503
1443
1446
1490
1555
1480
1453
1485
1455
1513
1542
1476
1557
1502
1579
1485
1517
1554
1586
1589
1527
1533
1582
1607
1585
1555
1574
1521
1561
1553
1521
1554
1562
1547
1566
1599
1505
1626
1563
1562
1622
1595
1581
1631
1608
1568
1642
1548
1604
1635
1597
1631
1642
1608
1642
1656
1640
1648
1667
1699
1599
1641
1667
1632
1644
1706
1559
1657
1667
1738
1699
1692
1711
1673
1646
1548
1694
1680
1663
1673
1713
1649
1617
1622
1634
1634
1681
1660
1733
1742
1673
1670
1746
1630
1662
1690
1733
1740
1795
1743
1744
1742
1732
1755
1711
1787
1849
1763
1698
1708
1729
1750
1709
1686
1714
1721
1773
1735
1711
1724
1717
1741
1781
1788
1764
1827
1730
1809
1764
1831
1790
1806
1876
1788
1833
1767
1912
1724
1764
1881
1789
1796
1833
1858
1867
1806
1886
1790
1878
1744
1808
1795
1820
1839
1773
1797
1902
1874
1870
1846
1885
1860
1879
1838
1791
1909
1819
1812
1843
1861
1842
1907
1932
1856
1859
1911
1807
1897
1944
1913
1863
1901
1941
1936
1784
1815
1898
1889
1860
1834
1960
1827
1871
1889
1881
1941
1814
1943
1894
1926
1883
1874
1909
1955
1891
1959
1944
1908
1909
1913
1850
1893
1920
1984
1921
1894
1946
1865
1899
1877
1901
1970
1917
1921
1935
1924
1947
1919
1973
1930
1912
2019
1986
1979
1885
1924
1905
2065
1953
1880
2004
1934
1967
2010
1842
1920
1954
1891
1960
1948
2020
1954
1981
1943
2032
2008
1939
1957
1930
2031
1942
1904
2017
1975
2024
2056
1963
2025
2002
2026
2055
1955
1932
1932
2015
1983
1935
2011
1917
1992
1944
2007
2059
1979
1988
1998
2050
1979
2038
1934
2068
2020
2009
2046
1930
2023
1956
2030
2014
2012
2032
1878
2052
1928
2062
1991
1891
1999
2013
2064
1895
2052
1954
1952
2014
1848
2043
1911
1975
1968
1997
2024
2054
1992
1984
2020
1990
1968
2036
1953
1968
1982
1981
2010
2053
2062
2001
1981
1972
2090
2038
1947
1892
1980
2049
2077
2044
2034
2038
2045
2058
1952
2098
2030
1959
1981
2046
1988
1964
2037
1898
2022
1998
2060
2052
2055
1942
1984
1996
1981
1994
1998
2026
2032
2022
1943
2029
2045
2000
2027
1988
1918
2077
2020
1967
1925
2062
1910
1968
1993
1997
1971
2046
1947
1898
1952
1971
1954
1996
1969
1980
1949
1970
2003
2003
2008
1984
2043
2028
2004
1984
1884
1988
1944
1950
1915
1978
1909
1950
1890
1970
1924
1880
1983
1960
1952
1956
1989
1904
1926
1953
1953
2058
1950
1849
1989
1933
1949
1875
1971
1950
1948
1930
1987
1990
1939
1930
1951
1964
1946
2008
1978
1950
1903
1893
1959
1949
1953
1911
1878
1931
1924
1974
1952
1932
2012
1908
1921
1971
1928
1971
1900
1931
1899
1922
1958
1961
1923
1907
1932
1854
1870
1888
1947
1871
1926
1843
1935
1795
1958
1819
1938
1841
1825
1863
1895
1916
1828
1772
1895
1798
1852
1845
1866
1843
1882
1811
1867
1844
1843
1883
1789
1848
1840
1918
1932
1855
1814
1879
1837
1817
1791
1730
1810
1798
1820
1786
1729
1825
1710
1827
1780
1842
1899
1872
1825
1782
1853
1845
1829
1784
1820
1823
1756
1748
1737
1797
1809
1762
1756
1787
1792
1771
1772
1661
1763
1683
1773
1718
1762
1747
1790
1697
1698
1839
1758
1786
1764
1742
1735
1752
1726
1720
1740
1681
1760
1733
1692
1722
1706
1755
1700
1749
1749
1741
1654
1749
1623
1694
1704
1766
1642
1723
1718
1685
1703
1637
1634
1732
1738
1677
1631
1670
1698
1733
1620
1600
1682
1770
1648
1736
1657
1680
1666
1705
1655
1684
1668
1584
1648
1582
1650
1549
1676
1567
1608
1648
1614
1675
1688
1680
1636
1642
1673
1619
1626
1589
1632
1581
1630
1636
1596
1579
1618
1544
1592
1591
1533
1579
1539
1550
1606
1512
1558
1523
1620
1594
1550
1592
1577
1639
1596
1578
1548
1546
1553
1553
1520
1593
1596
1545
1598
1536
1527
1512
1513
1602
1481
1511
1541
1542
1496
1550
1498
1515
1543
1463
1495
1525
1526
1555
1508
1427
1511
1455
1398
1499
1485
1549
1454
1505
1488
1468
1527
1429
1483
1507
1502
1468
1505
1440
1469
1451
1525
1464
1434
1515
1418
1447
1513
1477
1441
1477
1475
1392
1418
1451
1449
1451
1440
1409
1470
1425
1429
1381
1402
1400
1426
1425
1361
1413
1445
1333
1382
1397
1450
1487
1402
1355
1450
1451
1368
1371
1343
1409
1383
1434
1364
1428
1413
1423
1392
1334
1370
1363
1443
1316
1466
1360
1416
1440
1422
1408
1361
1380
1449
1318
1323
1263
1409
1368
1364
1342
1348
1397
1324
1355
1362
1357
1347
1382
1311
1349
1358
1356
1362
1347
1386
1397
1299
1348
1390
1292
1312
1342
1333
1314
1290
1299
1345
1377
1353
1320
1357
1375
1326
1326
1220
1270
1292
1308
1344
1316
1296
1323
1254
1362
1282
1346
1335
1268
1318
1274
1297
1304
1296
1297
1292
1276
1295
1275
1303
1269
1238
1275
1320
1230
1295
1250
1320
1218
1247
1288
1270
1249
1272
1239
1245
1330
1314
1252
1295
1257
1232
1272
1245
1219
1263
1295
1259
1225
1236
1213
1215
1278
1278
1300
1237
1215
1223
1263
1219
1276
1250
1165
1222
1206
1224
1230
1196
1205
1203
1261
1188
1219
1202
1241
1200
1211
1283
1222
1201
1213
1162
1179
1198
1170
1214
1144
1186
1174
1202
1157
1190
1227
1180
1169
1158
1151
1157
1159
1209
1228
1194
1171
1135
1168
1137
1215
1201
1157
1120
1176
1134
1154
1130
1143
1195
1142
1112
1176
1207
1142
1120
1115
1157
1136
1186
1042
1131
1089
1134
1093
1124
1099
1075
1094
1079
1147
1152
1091
1074
1092
1018
1084
1071
1052
1086
1088
1136
1059
1116
1078
1062
1094
1060
1124
1066
1029
1033
1045
1068
1084
1053
1011
1110
1038
1050
1045
1062
1014
1038
1047
1050
1009
1052
1061
1080
1022
995
1088
1046
1076
1020
1033
1029
1111
1022
1028
1080
1023
1083
1006
1057
1022
1021
1025
1011
1045
1041
1009
977
980
956
964
997
988
1054
1084
991
960
989
1005
933
984
1036
958
986
1011
916
965
981
968
934
938
945
974
906
915
956
888
956
991
922
939
926
953
952
915
968
937
911
942
878
938
908
954
945
922
909
913
867
905
856
876
860
890
903
923
885
894
887
879
925
872
858
907
881
844
900
875
912
912
903
844
912
868
864
848
888
873
876
895
851
854
850
810
858
857
852
876
809
853
797
914
793
828
774
804
793
823
855
826
799
790
861
830
752
782
807
788
801
798
767
789
772
813
799
803
796
791
770
764
791
843
760
764
798
720
752
803
764
809
753
734
786
774
745
716
718
715
700
754
730
772
809
752
741
724
730
716
682
675
736
715
681
689
730
678
723
705
653
761
709
704
717
652
680
690
692
727
670
694
720
706
717
681
664
688
676
684
668
643
667
681
692
708
651
656
636
655
638
629
672
691
678
679
667
626
657
637
653
642
665
633
642
641
628
676
682
625
608
691
593
621
609
559
613
584
604
595
638
596
601
591
605
586
600
585
605
564
572
595
601
631
585
609
574
579
570
572
566
564
597
570
580
595
573
568
576
507
599
544
564
524
529
559
527
555
518
582
559
593
529
552
516
520
529
485
557
531
498
476
558
529
506
503
552
551
484
525
485
506
534
554
469
524
490
521
499
505
516
456
523
483
471
458
445
461
464
516
505
483
494
464
483
469
446
418
444
491
477
467
450
498
414
494
467
451
468
454
447
449
448
448
452
414
492
460
414
411
435
435
420
443
444
433
437
446
436
432
434
394
436
424
445
455
438
454
436
396
358
431
388
391
415
395
414
380
417
413
402
439
404
368
415
390
403
410
409
423
426
355
404
399
416
382
369
364
370
388
395
349
387
370
353
359
344
363
331
355
353
362
363
322
348
364
336
360
396
375
318
356
372
365
349
344
320
331
365
377
351
316
371
340
366
346
357
335
331
336
331
326
326
339
325
327
308
344
340
344
317
373
333
312
326
317
321
354
304
340
288
314
307
308
322
298
326
288
294
297
314
260
267
313
288
308
352
317
334
320
279
289
294
281
307
298
282
272
292
272
310
258
286
308
260
296
278
272
277
300
250
293
282
261
256
254
269
260
297
258
261
237
287
250
248
282
292
284
234
279
223
255
265
243
258
254
257
266
240
265
230
256
237
245
283
265
245
266
260
254
260
241
239
233
245
264
242
231
264
227
220
242
249
249
237
225
263
239
240
240
234
250
252
214
238
235
221
242
221
231
228
200
241
204
220
213
216
224
224
229
214
217
194
209
215
211
213
197
201
223
211
226
201
217
205
192
187
204
203
196
174
192
189
222
203
214
188
210
189
176
191
194
210
187
173
192
193
174
201
199
189
197
203
203
219
169
185
174
183
185
180
183
187
198
180
167
205
180
182
169
170
179
180
190
184
208
175
176
177
196
162
153
209
184
157
172
173
157
153
182
142
158
168
168
164
152
166
168
166
185
147
162
163
152
161
169
144
166
146
154
161
145
143
135
158
161
158
169
163
172
150
151
152
162
151
176
175
151
165
146
144
141
147
148
136
144
166
170
156
184
114
154
171
137
134
142
141
131
139
133
134
154
131
130
162
142
145
131
136
148
138
119
127
145
150
141
125
141
139
125
138
119
126
134
148
135
123
119
143
118
126
124
120
115
123
127
121
129
133
112
141
135
127
110
114
135
139
118
127
127
124
121
124
123
124
134
125
124
121
134
120
129
116
131
133
107
142
122
122
131
133
122
111
129
130
106
134
117
111
101
96
117
123
114
116
112
112
103
92
128
120
107
111
84
98
116
83
111
125
102
107
125
109
100
118
112
117
112
115
95
90
114
102
94
90
107
118
102
86
99
92
120
104
78
122
107
100
110
99
96
99
111
94
96
95
97
94
99
102
114
110
92
98
100
82
92
92
86
105
85
92
109
114
108
102
90
87
84
94
106
87
74
89
105
84
117
100
86
102
78
97
79
86
87
106
89
100
96
97
91
85
91
84
99
87
98
93
83
100
91
75
88
87
74
83
81
104
85
81
100
94
96
96
101
71
74
84
87
79
90
80
82
101
80
97
87
83
81
66
67
77
77
92
84
97
73
70
84
86
61
92
83
98
67
75
71
52
81
87
84
69
81
72
77
79
76
75
82
69
78
71
92
68
71
73
78
71
76
69
73
58
61
68
71
65
58
83
64
86
69
72
73
77
74
88
72
76
64
60
58
81
69
74
68
63
53
71
67
57
62
68
68
69
65
65
65
84
81
76
69
58
71
63
67
71
61
48
57
51
61
64
68
72
65
53
69
62
61
56
61
70
66
53
61
67
88
60
56
65
65
61
53
60
52
62
59
70
62
56
61
59
62
55
56
61
61
67
53
63
60
61
59
55
57
50
45
58
56
47
53
60
57
48
66
66
62
74
52
54
65
55
49
58
57
59
52
53
52
55
67
46
53
42
64
47
57
57
46
60
51
55
54
63
48
49
53
53
53
58
57
50
58
55
52
40
45
52
59
45
54
42
55
51
46
42
51
54
47
47
38
53
53
56
60
54
63
48
46
45
47
45
59
45
41
52
47
38
61
47
48
60
50
51
45
44
38
53
59
47
42
54
48
55
51
45
42
53
60
51
39
46
47
48
49
46
47
46
44
59
36
52
36
34
45
56
39
33
46
49
36
41
44
61
48
44
45
46
43
38
36
48
57
55
41
42
50
51
36
26
48
51
38
49
42
44
42
33
39
47
36
53
42
29
48
59
40
35
46
37
32
37
49
39
45
33
42
44
34
33
40
46
43
42
52
31
37
46
52
33
38
40
36
43
45
33
32
34
39
39
39
41
39
40
31
38
31
23
36
34
41
38
38
29
35
34
43
24
33
44
41
36
49
38
40
32
41
30
38
30
34
31
33
32
45
37
39
40
35
44
46
33
37
38
35
35
42
19
41
42
31
37
31
37
35
30
34
35
34
34
45
31
33
56
31
35
36
39
32
29
32
44
43
28
39
30
34
41
41
35
33
35
35
34
37
33
40
32
24
24
34
27
34
35
29
21
31
28
28
36
36
30
23
29
30
31
21
30
25
29
37
35
32
30
31
27
28
35
29
28
27
28
38
34
28
30
34
33
34
30
32
23
35
29
29
27
31
28
29
29
33
29
34
23
38
24
33
34
32
28
24
26
30
29
35
27
32
36
31
25
25
19
24
19
26
23
29
24
31
35
22
21
36
26
32
28
33
33
36
23
23
37
18
29
23
22
27
25
30
32
35
36
28
24
22
22
24
25
21
27
21
23
31
36
22
18
21
29
29
30
28
24
25
25
24
24
23
28
31
24
15
27
33
22
20
25
21
33
20
20
15
21
16
20
24
23
19
24
20
23
27
20
26
29
30
33
22
26
19
19
25
23
26
21
30
33
20
20
22
34
19
20
28
31
26
27
23
17
34
20
23
14
31
25
30
24
22
12
22
26
23
18
27
18
25
25
17
23
22
18
24
29
16
28
24
19
28
21
12
17
21
29
17
11
26
22
18
22
19
14
22
25
28
17
24
28
24
26
24
21
27
22
24
22
23
20
29
20
22
27
22
14
18
22
23
24
21
17
20
24
21
24
23
20
16
23
17
22
24
26
17
26
18
23
24
18
22
19
21
21
23
15
19
12
22
23
12
18
20
25
17
17
24
12
16
20
21
24
24
20
25
15
16
20
15
18
15
11
10
14
20
19
19
18
14
21
19
19
21
15
17
18
27
18
15
19
22
15
17
14
23
9
24
24
24
19
13
16
20
21
26
26
18
16
15
19
18
26
17
26
17
22
16
19
21
17
18
15
21
19
21
11
21
26
21
19
14
24
11
8
23
22
18
22
14
16
16
23
13
14
21
14
20
15
14
24
15
18
22
18
14
9
16
16
19
27
19
13
16
22
16
17
16
19
16
12
19
12
17
16
12
16
13
10
16
19
19
19
24
6
10
17
24
18
14
12
14
14
12
19
15
21
21
16
17
16
14
16
19
11
26
15
13
12
16
18
13
20
17
17
16
15
27
9
8
14
22
12
16
11
17
17
17
17
16
10
16
13
22
14
10
12
16
18
11
13
19
15
11
16
19
16
24
17
12
19
17
22
13
13
16
18
16
8
19
12
15
17
8
14
16
16
14
17
14
20
11
11
12
14
13
13
16
21
18
12
15
16
13
12
12
12
17
17
12
17
16
18
15
14
9
13
17
8
14
14
13
14
16
9
13
14
10
11
18
12
17
8
12
5
13
9
7
10
9
10
12
16
13
11
13
16
14
11
17
12
11
15
15
15
18
11
13
18
7
9
15
16
13
19
11
14
10
13
16
14
14
14
7
11
13
13
16
14
13
14
15
8
15
15
19
12
4
10
12
9
7
14
15
16
15
10
14
6
5
7
11
11
8
13
9
12
15
14
13
15
11
8
16
14
14
17
16
9
18
14
10
14
13
11
13
12
12
9
13
15
10
7
11
16
11
13
9
10
17
10
17
12
13
6
9
16
8
9
12
13
14
9
8
9
12
5
10
10
7
7
12
14
12
10
8
18
13
9
13
10
13
9
10
16
10
11
10
9
13
10
9
10
7
16
9
10
11
9
10
9
10
15
11
8
10
18
12
9
7
11
14
10
5
7
10
6
16
14
14
7
11
13
8
14
13
14
14
6
9
11
11
15
13
8
7
10
11
12
9
4
13
15
11
12
5
9
17
15
9
6
9
7
7
12
9
10
8
8
8
4
11
7
6
11
8
17
7
15
8
7
6
6
8
11
11
8
16
9
7
11
10
12
12
7
15
8
2
12
7
8
13
12
10
12
9
13
13
9
10
6
8
9
7
12
8
13
10
8
17
9
11
15
7
16
10
9
8
10
6
7
6
5
8
6
14
8
12
8
10
7
10
7
8
4
5
9
7
7
7
12
4
11
7
11
6
5
8
8
5
4
7
11
6
6
8
17
15
8
4
11
11
5
8
6
16
7
5
8
11
9
10
11
12
9
8
10
10
6
9
12
16
7
7
7
10
7
8
7
6
6
4
8
9
10
5
7
10
2
12
8
7
6
12
5
9
5
15
8
14
9
7
11
6
5
8
7
13
8
9
5
10
11
7
11
10
8
6
12
8
6
5
5
6
11
2
4
5
8
6
6
11
7
8
8
4
9
6
5
12
13
16
7
4
12
4
9
11
7
7
7
6
7
7
5
4
5
9
5
10
13
5
9
15
8
4
7
11
4
8
10
7
5
9
7
10
7
5
4
9
5
11
9
4
8
6
5
8
3
12
9
6
9
11
7
5
5
3
6
7
11
7
10
8
5
7
7
6
5
7
8
8
6
6
3
9
6
0
5
6
6
10
3
6
10
7
8
11
7
5
8
1
6
11
7
7
10
5
8
2
5
7
10
6
10
12
7
6
4
10
3
7
6
5
7
6
6
7
5
2
2
5
8
4
6
7
10
4
8
2
5
7
7
4
8
9
7
7
2
3
6
6
6
0
5
6
11
8
11
8
6
13
5
12
6
3
5
4
8
3
5
7
7
6
9
3
2
9
10
5
3
8
10
7
4
3
5
9
2
3
4
11
7
4
10
9
8
6
7
7
7
5
9
8
5
4
12
6
5
5
7
3
4
12
6
8
3
8
5
5
6
10
6
6
6
6
3
8
7
10
4
4
4
5
7
9
7
6
5
6
5
7
3
4
3
9
6
8
6
0
11
10
6
4
4
7
7
11
5
3
5
5
6
6
9
9
12
11
7
6
6
8
8
6
3
3
4
7
5
3
11
4
7
4
5
4
6
7
7
8
6
4
3
12
8
2
9
5
7
2
6
3
4
5
5
9
9
7
5
10
4
3
7
7
5
5
5
7
6
4
5
2
7
6
3
1
3
1
5
7
5
3
5
8
4
3
6
7
6
4
3
3
3
5
4
1
4
7
4
0
8
5
5
1
5
7
3
6
3
4
4
4
8
5
6
4
7
5
5
4
6
6
5
4
3
6
5
5
3
3
3
5
3
5
6
3
7
4
7
8
4
4
5
3
2
5
5
5
2
8
2
4
6
11
4
7
4
3
5
3
3
4
6
5
8
5
9
7
5
4
6
5
8
6
10
6
3
4
5
4
6
5
3
4
4
6
7
7
4
2
8
3
3
4
4
6
9
4
3
5
5
10
12
6
6
6
9
6
6
6
4
3
8
6
2
0
4
6
7
3
3
3
6
1
8
6
5
5
6
2
4
4
1
6
4
1
5
3
3
8
7
3
4
3
4
2
3
1
6
3
3
2
5
3
6
4
4
4
3
1
4
6
11
5
5
2
3
8
4
2
2
7
9
6
6
3
1
2
0
5
3
0
5
6
4
4
7
2
4
8
8
7
8
5
8
2
2
5
5
3
4
6
6
5
3
4
5
3
3
10
6
2
2
3
4
6
3
3
4
3
7
8
8
5
5
8
5
3
4
2
3
6
7
4
4
4
4
4
5
3
6
6
7
3
4
0
6
4
10
3
3
8
7
4
2
4
8
3
5
5
5
6
4
3
3
4
7
7
3
4
5
3
3
0
6
8
2
4
4
2
8
3
3
4
5
4
5
4
6
6
8
8
5
3
1
2
2
4
1
2
4
3
2
8
2
4
3
6
8
4
2
3
9
3
3
2
4
4
2
4
1
2
6
1
4
7
4
2
2
4
7
1
2
7
5
7
5
3
3
2
0
7
3
7
8
5
3
1
5
3
6
4
1
8
3
2
3
7
3
6
9
7
3
4
4
3
2
6
1
7
4
6
3
0
3
7
2
5
7
4
3
5
5
2
2
2
3
6
3
3
4
0
7
3
3
3
2
4
1
2
7
3
5
3
3
3
3
4
4
3
0
1
0
6
5
5
1
5
2
2
4
3
5
5
7
3
4
3
6
0
1
2
6
3
3
0
5
3
4
6
3
6
0
5
2
3
2
4
2
5
3
7
6
2
1
1
3
1
4
1
3
3
4
6
0
3
1
2
1
4
6
3
3
2
5
4
4
4
1
5
5
1
3
5
7
2
1
0
6
5
4
3
3
5
4
3
7
2
3
2
2
3
2
4
2
6
3
3
1
3
4
0
2
3
1
4
2
6
1
8
2
5
2
0
9
4
4
5
3
1
1
5
4
2
4
3
0
5
1
2
3
2
6
2
4
1
3
2
2
6
2
2
1
3
4
5
3
3
5
3
2
2
1
2
3
3
2
1
7
1
6
4
3
2
4
2
3
0
1
2
4
3
2
0
1
0
5
4
3
4
6
2
2
8
2
3
3
3
3
4
1
2
3
2
2
3
3
3
2
2
2
3
1
3
4
3
1
0
4
3
1
4
3
3
4
1
1
4
2
2
1
1
2
3
1
0
5
1
3
2
5
2
5
4
2
1
1
4
1
4
0
3
5
4
4
1
3
0
2
4
2
3
4
2
3
1
3
2
3
4
3
2
2
2
3
2
2
3
3
3
3
1
2
3
1
2
4
4
2
3
4
4
1
1
2
4
3
1
4
5
2
4
4
2
3
2
2
1
4
2
2
1
2
1
1
1
4
2
3
4
4
2
2
4
3
1
4
1
2
0
3
4
1
2
3
2
3
3
3
1
3
0
3
5
4
3
2
1
1
0
2
3
3
1
2
3
5
0
1
5
5
1
2
2
2
3
1
3
1
2
3
2
1
2
2
2
6
3
3
3
1
1
4
3
1
2
3
2
5
1
0
1
2
3
3
0
1
1
1
2
6
4
1
9
0
2
3
4
0
2
4
0
0
3
2
0
2
2
3
5
0
0
0
3
1
3
3
1
0
1
4
1
4
0
5
1
2
1
3
2
2
4
0
4
1
5
3
0
2
1
0
0
0
2
2
0
1
1
0
1
3
2
2
2
1
3
2
1
0
2
2
0
0
3
0
1
2
1
0
2
1
2
4
1
2
1
2
1
1
3
5
3
1
1
1
0
3
0
2
2
1
3
2
1
3
2
4
2
7
2
1
1
5
2
1
1
2
3
2
3
1
4
1
6
1
3
3
4
2
2
1
3
3
3
0
0
1
1
2
3
2
0
1
0
1
4
1
0
2
2
2
0
1
4
2
1
0
2
1
3
4
4
3
2
2
2
0
5
3
2
0
1
2
0
1
1
1
3
0
1
1
2
1
0
1
1
1
2
0
1
2
2
0
0
2
1
2
1
0
2
2
0
2
2
5
2
1
0
1
1
1
1
4
1
2
0
0
3
2
4
1
0
1
5
0
2
0
2
1
4
2
1
2
0
1
2
3
1
3
0
3
1
1
6
3
2
1
0
3
1
0
4
0
2
1
1
0
1
1
0
0
0
0
3
5
3
1
1
0
2
2
0
0
1
3
3
1
0
2
1
1
4
1
2
2
2
1
1
1
3
3
4
2
3
0
1
2
2
3
4
2
2
1
0
3
0
0
2
1
1
0
0
1
0
4
0
0
1
1
0
2
0
0
1
2
0
0
2
0
0
1
1
1
0
0
1
0
1
3
2
0
0
2
0
2
4
0
1
1
4
2
2
3
0
0
4
1
3
1
1
1
3
0
0
2
2
1
1
3
2
2
3
0
3
0
2
0
1
2
2
1
0
3
0
0
1
1
3
0
2
0
1
0
1
1
0
0
1
1
3
2
0
3
3
0
2
1
1
1
2
0
1
2
0
0
0
2
1
1
0
1
1
1
1
1
0
1
1
0
1
1
1
1
0
1
1
2
0
1
1
2
1
0
1
0
0
2
0
0
1
1
0
0
0
1
2
1
1
2
2
0
1
0
0
1
0
5
1
1
2
2
1
0
0
0
2
1
1
1
2
2
0
1
1
1
0
2
0
1
0
2
2
2
0
2
0
1
0
0
1
1
0
2
0
0
0
0
1
0
1
2
0
0
2
0
3
1
1
1
1
0
0
0
0
0
1
1
0
0
1
1
0
1
2
3
0
0
2
0
1
0
1
0
1
0
1
1
1
0
0
1
0
1
0
0
1
0
0
2
0
2
1
0
0
0
0
3
0
0
0
2
1
0
3
3
0
2
1
4
1
0
0
0
1
0
0
0
1
0
1
2
1
0
1
0
1
0
2
0
0
1
1
0
0
0
1
0
2
0
1
1
1
3
2
0
0
0
2
2
0
1
0
0
0
1
1
0
2
2
1
1
1
2
0
1
3
2
0
0
1
2
0
0
0
1
0
1
3
3
2
0
1
2
1
1
1
1
1
0
0
0
0
1
0
0
1
1
0
1
1
2
0
0
1
1
0
0
0
0
1
1
2
1
0
2
0
1
1
2
1
1
1
0
1
0
0
1
1
0
2
3
0
2
1
0
2
1
2
1
0
2
0
0
1
1
1
1
2
1
0
1
0
1
1
1
2
2
2
0
1
1
3
1
2
2
1
1
1
1
1
1
1
0
2
0
1
0
2
0
5
0
1
0
0
0
0
1
0
0
0
0
0
1
1
0
1
2
1
1
0
3
1
1
0
1
0
1
1
1
1
1
0
1
1
2
2
0
2
0
0
0
0
0
2
1
0
1
0
1
0
0
1
1
1
1
0
0
1
0
1
1
0
1
1
1
0
0
0
0
0
1
0
1
0
1
0
0
0
1
1
0
1
1
0
3
0
0
0
0
1
2
3
0
1
0
0
0
1
1
2
1
1
0
0
0
1
5
1
1
1
0
1
1
0
0
0
0
2
1
1
0
1
0
1
4
1
1
0
0
0
0
0
1
0
1
0
0
0
3
1
1
0
2
0
0
3
0
0
0
0
0
0
0
0
1
0
0
1
0
0
1
0
0
1
0
1
0
0
0
0
1
0
0
2
1
1
1
1
0
0
0
0
0
1
1
0
0
4
1
0
1
0
1
0
0
1
0
0
1
0
1
0
0
1
0
0
0
0
1
0
0
0
0
1
2
0
0
0
0
0
2
0
0
0
0
2
1
1
1
0
0
0
0
0
0
0
2
1
1
0
1
0
0
1
0
0
0
0
0
0
1
0
0
0
0
1
0
0
0
0
0
0
0
1
1
2
0
0
1
0
2
1
0
0
0
0
2
1
1
0
1
1
0
1
1
1
1
1
0
0
0
0
2
1
2
0
0
0
1
0
1
0
0
0
0
0
0
1
0
0
0
0
1
0
1
1
1
1
0
0
1
0
0
1
0
0
0
1
0
0
0
1
0
0
0
1
0
0
1
1
0
1
0
0
0
0
0
0
0
0
0
1
1
0
0
1
0
0
0
0
0
0
1
0
0
0
0
0
0
1
0
0
1
0
0
0
0
0
0
0
0
0
0
0
0
0
0
0
0
1
2
1
0
0
1
0
0
0
1
1
0
2
1
1
1
0
0
0
0
0
1
0
0
0
0
0
0
0
0
0
0
0
0
1
0
0
0
0
2
0
0
0
1
0
1
0
0
0
0
1
1
0
0
0
0
0
1
0
0
0
0
1
0
0
0
0
0
0
0
0
1
0
0
0
0
1
0
0
0
1
0
0
0
0
1
0
0
0
0
0
1
0
1
0
0
1
0
0
0
0
0
0
0
0
0
0
1
0
0
0
1
0
1
0
0
0
0
0
2
0
0
0
0
0
0
0
1
1
0
0
1
0
1
0
0
1
1
0
0
0
0
0
0
0
0
2
0
0
0
0
1
0
0
0
0
1
0
0
0
0
1
0
0
0
0
0
0
0
0
0
0
0
1
0
0
0
0
0
1
0
0
0
0
0
0
0
0
0
0
0
0
0
0
1
0
0
0
0
0
2
0
0
0
0
0
0
0
1
0
0
0
1
0
2
0
0
0
0
0
1
0
0
0
0
0
0
0
0
0
0
0
0
0
0
0
0
0
2
1
0
0
0
0
0
1
0
0
0
0
0
0
0
0
0
0
0
1
0
0
0
0
0
1
0
0
0
0
0
0
0
0
0
0
0
0
0
0
0
0
0
1
0
0
1
0
0
0
0
0
0
0
0
1
0
0
0
0
0
0
0
0
0
0
0
0
0
1
0
0
0
0
0
0
0
0
0
0
1
2
0
0
0
0
0
0
1
0
0
0
0
0
0
0
0
0
0
0
0
0
0
0
0
0
0
0
0
0
0
1
0
0
0
0
1
0
0
0
1
0
0
0
0
0
0
0
1
0
0
0
0
0
0
0
0
0
0
0
0
0
1
1
0
0
0
0
1
0
0
0
1
0
0
0
0
0
0
1
0
0
1
0
0
0
2
1
1
0
0
0
0
0
0
0
0
0
0
0
0
0
1
0
0
0
0
0
2
0
0
0
1
0
1
0
0
0
0
0
0
0
0
0
0
0
0
0
0
0
0
0
0
0
0
0
0
0
0
1
0
0
0
0
0
0
0
0
0
0
0
0
0
0
0
0
0
1
0
0
0
0
0
0
0
0
0
0
0
0
0
0
0
0
0
0
0
0
1
0
0
0
0
0
0
0
0
0
0
0
0
0
0
0
0
0
0
0
0
1
0
0
0
0
0
0
0
1
0
0
0
0
0
0
0
0
0
0
0
0
0
0
0
0
0
0
0
0
0
0
0
0
0
0
0
0
0
0
0
0
0
0
0
0
0
0
0
0
0
0
0
0
0
0
0
0
0
0
0
0
0
0
0
1
0
0
0
0
1
0
0
0
0
0
0
0
0
0
0
0
0
0
0
0
0
1
0
1
1
1
0
0
0
0
0
0
0
0
0
0
0
1
0
0
0
0
0
0
0
0
0
0
0
0
0
0
0
0
0
1
0
0
0
0
0
0
0
0
0
0
0
0
0
0
0
1
0
0
0
0
0
0
0
0
0
0
0
0
0
0
0
0
0
1
0
0
0
0
0
0
0
0
0
0
0
0
0
0
0
0
0
0
0
0
0
0
0
0
0
0
0
0
0
0
0
1
0
0
0
0
0
0
0
1
0
0
0
0
0
0
0
0
0
0
0
0
0
0
0
0
1
1
0
0
0
0
1
0
0
0
0
0
0
0
0
0
0
0
0
0
0
0
0
0
0
0
0
0
0
0
0
0
0
0
0
0
0
0
0
0
0
0
1
0
1
1
0
0
0
0
0
0
0
0
0
0
0
1
0
0
0
0
0
0
0
0
0
0
0
0
0
0
0
0
0
0
0
0
0
0
0
0
0
0
0
0
1
0
0
0
0
0
0
0
0
1
0
0
0
0
0
0
0
0
0
0
0
0
0
0
0
0
0
0
0
0
0
0
0
0
0
0
0
0
0
0
0
0
0
0
1
1
0
0
0
0
0
0
0
0
0
0
0
0
0
0
0
0
0
0
0
0
0
0
0
0
0
0
0
0
1
0
0
0
0
0
0
0
0
0
0
0
0
0
0
0
0
0
0
0
0
0
0
1
0
0
0
0
0
0
0
0
0
0
0
0
0
0
0
0
0
0
0
0
0
0
0
0
0
0
0
0
0
0
0
1
0
0
0
0
0
0
0
0
0
0
0
0
0
0
0
0
0
0
0
0
0
0
0
0
0
0
0
0
0
0
0
0
0
0
0
1
0
0
0
0
0
0
0
0
0
0
0
0
0
0
0
0
0
0
0
0
0
0
0
0
0
0
0
0
0
0
0
0
0
0
0
0
0
1
0
0
0
0
0
0
0
0
0
0
0
0
0
0
0
0
0
0
0
0
0
0
0
0
0
0
0
0
0
0
0
0
0
0
0
0
0
0
0
0
0
0
0
0
0
0
0
0
0
0
0
0
0
0
0
0
0
0
0
0
0
0
0
0
0
0
0
0
0
0
0
0
0
0
0
0
0
0
0
0
0
0
0
0
0
0
0
0
0
0
0
0
0
0
0
0
0
0
0
0
0
0
0
0
0
0
0
0
0
0
0
0
0
0
0
0
0
0
0
1
0
0
0
0
0
0
1
1
0
0
0
0
0
0
0
0
0
0
0
0
0
0
0
0
0
0
0
0
0
0
0
0
0
0
0
0
0
0
0
0
0
0
0
0
0
0
0
0
0
0
0
0
0
0
0
0
0
0
0
0
0
0
0
0
0
0
0
0
0
0
0
0
0
0
0
0
0
1
0
0
0
0
0
0
0
0
0
0
0
0
0
0
0
0
0
0
0
0
0
0
0
0
0
0
0
0
0
0
0
0
0
0
0
0
0
0
0
0
0
0
0
0
0
0
0
0
0
0
0
0
0
0
0
0
0
0
0
0
0
0
0
0
0
0
0
0
0
0
0
0
0
0
0
0
0
0
0
0
0
0
0
0
0
0
0
0
0
0
0
0
0
0
0
0
0
0
0
0
0
0
0
0
0
0
0
0
0
0
0
0
0
0
0
1
0
0
0
0
0
0
0
0
0
0
0
0
0
0
0
0
0
0
0
0
0
0
0
0
0
0
0
0
0
0
0
0
0
0
0
0
0
0
0
0
0
0
0
0
0
0
0
0
0
0
0
0
0
0
0
0
0
0
0
0
0
0
0
0
0
0
0
0
0
0
0
0
0
1
0
0
0
0
0
0
0
0
0
0
0
0
0
0
0
0
0
0
0
0
0
0
0
0
0
0
0
0
0
0
0
0
0
0
0
0
0
0
0
0
0
0
0
0
0
0
0
0
0
0
0
0
0
0
0
0
0
0
0
0
0
0
0
0
0
0
0
0
0
0
0
0
0
0
0
0
0
0
0
0
0
0
0
0
0
0
0
0
0
0
0
0
0
0
0
0
0
0
0
0
0
0
0
0
0
0
0
0
0
0
0
0
0
0
0
0
0
0
0
0
0
0
0
0
0
0
0
0
0
0
0
0
0
0
0
0
0
0
0
0
0
0
0
0
0
0
0
0
0
0
0
0
0
0
0
0
0
0
0
0
0
0
0
0
0
0
0
0
0
0
0
0
0
0
0
0
0
0
0
1
0
0
0
0
0
0
0
0
0
0
0
0
0
0
0
0
0
0
0
0
0
0
0
0
0
0
0
0
0
0
0
0
0
0
0
0
0
0
0
0
0
0
0
0
0
0
0
0
0
0
0
0
0
0
0
0
0
0
0
0
0
0
0
0
0
0
0
0
0
0
0
0
0
0
0
0
0
0
0
0
0
0
0
0
0
0
0
0
0
0
0
0
0
0
0
0
0
0
0
0
0
0
0
0
0
0
0
0
0
0
0
0
0
0
0
0
0
0
1
0
0
0
0
0
0
0
0
0
0
0
0
0
0
0
0
0
0
0
0
0
0
0
0
0
0
0
0
0
0
0
0
0
0
0
0
0
0
0
0
0
0
0
0
1
0
0
0
0
0
0
1
0
0
0
0
0
0
0
0
0
0
0
0
0
0
0
0
0
0
0
0
0
0
0
0
0
0
0
0
0
0
0
0
0
0
0
0
0
0
0
0
0
0
0
0
0
0
0
0
0
0
0
0
0
0
0
0
0
0
0
0
0
0
0
0
0
0
0
0
0
0
0
0
0
0
0
0
0
0
0
0
0
0
0
0
0
0
0
0
0
0
0
0
0
0
0
0
0
0
0
0
0
0
0
0
0
0
0
0
0
0
0
0
0
0
0
0
0
0
0
0
0
0
0
0
0
0
0
0
0
0
0
0
0
0
0
0
0
0
0
0
0
0
0
0
0
0
0
0
0
0
0
0
0
0
0
0
0
0
0
0
0
0
0
0
0
0
0
0
0
0
0
0
0
0
0
0
0
0
0
0
0
0
0
0
0
0
0
0
0
0
0
0
0
0
0
0
0
0
0
0
0
0
0
0
0
0
0
0
0
0
0
0
0
0
0
0
0
0
0
0
0
0
0
0
0
0
0
0
0
0
0
0
0
0
0
0
0
0
0
0
0
0
0
0
0
0
0
0
0
0
0
0
0
0
0
0
0
0
0
0
0
0
0
0
0
0
0
0
0
0
0
0
0
0
0
0
0
0
0
0
0
0
0
0
0
0
0
0
0
0
0
0
0
0
0
0
0
0
0
0
0
0
0
0
0
0
0
0
0
0
0
0
0
0
0
0
0
0
0
0
0
0
0
0
0
0
0
0
0
0
0
0
0
0
0
0
0
0
0
0
0
0
0
0
0
0
0
0
0
0
0
0
0
0
0
0
0
0
0
0
0
0
0
0
0
0
0
0
0
0
0
0
0
0
0
0
0
0
0
0
0
0
0
0
0
0
0
0
0
0
0
0
0
0
0
0
0
0
0
0
0
0
0
0
0
0
0
0
0
0
0
0
0
0
0
0
0
0
0
0
0
0
0
0
0
0
0
0
0
0
0
0
0
0
0
0
0
0
0
0
0
0
0
0
0
0
0
0
0
0
0
0
0
0
0
0
0
0
0
0
0
0
0
0
0
0
0
0
0
0
0
0
0
0
0
0
0
0
0
0
0
0
0
0
0
0
0
0
0
0
0
0
0
