0
0
155
649
1994
2417
2555
2746
2797
2637
2220
1830
1450
1182
909
710
548
385
308
217
193
135
115
76
69
47
50
27
29
22
32
19
19
24
16
14
12
10
11
8
10
12
4
7
14
9
11
4
8
7
3
3
6
5
2
4
3
5
8
4
4
5
5
6
3
4
3
5
1
7
4
4
3
2
2
2
6
5
3
3
4
10
6
4
7
5
4
7
5
5
5
11
9
9
9
6
12
13
16
19
29
36
40
43
48
58
64
75
82
92
98
110
105
111
128
147
151
134
151
167
185
189
206
182
224
233
228
244
281
261
306
300
303
333
338
350
349
386
397
434
407
433
423
440
441
478
466
464
481
513
531
529
568
600
588
646
617
629
651
651
701
712
707
723
726
735
791
793
812
835
823
834
868
901
873
935
903
962
928
1008
948
997
985
1044
1086
1041
1075
1081
1103
1117
1054
1093
1142
1147
1158
1189
1183
1214
1210
1258
1276
1319
1217
1371
1283
1299
1405
1366
1326
1348
1440
1424
1291
1422
1451
1460
1482
1395
1441
1446
1488
1468
1550
1455
1499
1514
1591
1551
1536
1579
1571
1581
1569
1615
1586
1613
1605
1672
1724
1691
1659
1651
1753
1713
1738
1704
1804
1708
1723
1764
1819
1742
1723
1749
1813
1882
1817
1841
1885
1819
1875
1825
1767
1798
1886
1898
1917
1874
1829
1782
1842
1884
1870
1872
1905
1924
1926
1867
1936
1952
1971
1921
1845
1869
1892
1943
1932
1941
1978
1928
1959
1987
1938
1935
1947
1975
1855
1961
1921
2014
2002
1985
1976
2011
1965
1943
1975
1993
1999
1978
1974
2046
2034
2057
2091
2012
2122
1968
2065
2091
1994
2108
2036
2013
2014
2138
2078
2011
2097
2119
2116
2118
2089
2085
2028
2072
2107
2146
2186
2138
2167
2244
2064
2108
2117
2102
2137
2063
2066
2086
2115
2147
2042
2067
2121
2089
2218
2155
2112
2165
2070
2133
2211
2136
2174
2052
2179
2153
2234
2168
2126
2130
2144
2073
2060
2187
2277
2085
2168
2100
2275
2176
2151
2101
2164
2173
2200
2151
2194
2143
2204
2116
2222
2215
2121
2264
2106
2225
2263
2214
2270
2170
2204
2196
2213
2139
2186
2158
2271
2250
2276
2277
2257
2258
2235
2259
2222
2136
2291
2296
2233
2309
2256
2265
2254
2287
2227
2251
2364
2168
2218
2245
2258
2240
2288
2219
2240
2239
2286
2252
2247
2266
2285
2317
2323
2286
2211
2303
2259
2328
2309
2267
2313
2353
2272
2280
2310
2381
2341
2252
2190
2348
2286
2322
2282
2215
2262
2258
2301
2379
2345
2246
2221
2291
2293
2381
2204
2317
2305
2285
2290
2310
2372
2230
2358
2392
2355
2363
2347
2373
2306
2450
2206
2290
2325
2273
2298
2375
2316
2342
2386
2213
2406
2371
2298
2355
2410
2261
2387
2343
2293
2351
2273
2366
2341
2336
2326
2428
2354
2345
2343
2328
2380
2388
2398
2458
2355
2393
2348
2337
2327
2406
2363
2325
2372
2310
2414
2444
2431
2346
2409
2403
2382
2330
2432
2433
2401
2379
2438
2415
2368
2376
2416
2344
2346
2348
2440
2413
2368
2389
2418
2392
2377
2408
2431
2376
2450
2418
2326
2363
2499
2393
2465
2291
2376
2354
2403
2363
2466
2341
2449
2421
2413
2369
2410
2423
2412
2430
2352
2309
2356
2498
2415
2460
2413
2398
2510
2339
2396
2465
2348
2379
2454
2475
2492
2374
2457
2353
2389
2385
2432
2399
2394
2416
2404
2498
2396
2453
2392
2446
2405
2452
2456
2422
2429
2410
2381
2513
2335
2481
2403
2388
2424
2405
2421
2446
2444
2424
2361
2494
2498
2447
2401
2490
2395
2426
2313
2442
2566
2488
2330
2372
2422
2475
2435
2513
2530
2448
2466
2415
2424
2415
2441
2466
2442
2385
2453
2430
2427
2334
2418
2390
2502
2343
2382
2391
2383
2408
2442
2449
2410
2396
2374
2345
2369
2410
2354
2443
2385
2418
2376
2511
2461
2352
2331
2433
2455
2414
2482
2427
2387
2395
2410
2425
2299
2423
2405
2364
2370
2477
2369
2409
2333
2303
2427
2430
2419
2378
2389
2455
2329
2340
2514
2437
2374
2442
2372
2439
2372
2430
2349
2413
2378
2365
2373
2307
2307
2482
2397
2432
2426
2355
2357
2316
2339
2425
2395
2346
2289
2345
2310
2271
2408
2387
2445
2305
2354
2272
2227
2365
2284
2354
2308
2312
2284
2343
2271
2303
2338
2384
2381
2366
2285
2377
2291
2302
2291
2398
2323
2273
2356
2245
2367
2288
2280
2359
2179
2329
2309
2202
2273
2327
2252
2277
2327
2258
2346
2332
2235
2336
2332
2319
2311
2348
2367
2314
2297
2237
2231
2300
2281
2318
2198
2340
2221
2306
2314
2224
2264
2304
2272
2285
2240
2290
2352
2246
2195
2311
2220
2327
2257
2275
2287
2186
2284
2238
2310
2307
2254
2220
2209
2262
2339
2214
2213
2312
2254
2180
2256
2185
2298
2239
2364
2175
2209
2198
2206
2118
2198
2232
2139
2192
2238
2136
2225
2281
2162
2154
2156
2143
2192
2121
2156
2260
2257
2198
2155
2145
2239
2259
2156
2169
2154
2114
2118
2161
2165
2067
2173
2118
2149
2051
2143
2067
2153
2187
2181
2094
2146
2145
2148
2111
2081
2111
2115
2076
2142
2032
2103
2213
2164
2132
2014
2132
2151
2054
2050
2105
2119
2068
2076
2088
2082
1975
2077
2036
2101
2106
2041
2084
2139
2119
2030
2049
2137
2045
2044
2166
1963
2044
2047
2045
2029
2037
2039
2042
2078
2084
2067
2035
1947
2042
2069
2079
2039
2085
2065
2057
2008
1992
1962
2080
1947
2072
1988
2093
2014
2023
2007
1975
2056
1979
1943
2074
1990
1988
1956
1922
2022
1961
1996
1989
1918
1979
1970
1908
2041
2054
1991
2016
1890
1949
1950
1938
1921
1922
1909
1993
2001
1909
1941
1993
1991
1948
1895
1956
1961
1927
1863
1936
1953
1866
1886
1927
1950
1941
1863
1895
1855
1946
1813
1890
1859
1869
1847
1943
2006
1847
1856
1874
1827
1904
1956
1896
1764
1833
1836
1909
1818
1896
1867
1858
1864
1736
1880
1879
1819
1886
1838
1835
1813
1797
1782
1787
1867
1867
1721
1871
1831
1785
1717
1743
1838
1788
1844
1841
1812
1729
1836
1802
1886
1758
1738
1795
1790
1700
1794
1784
1784
1731
1805
1712
1818
1771
1842
1735
1793
1761
1776
1791
1726
1753
1761
1716
1724
1718
1811
1745
1681
1808
1729
1707
1718
1767
1714
1673
1781
1739
1736
1677
1704
1693
1736
1714
1673
1744
1741
1715
1656
1702
1699
1698
1757
1695
1685
1763
1696
1680
1678
1652
1659
1712
1742
1637
1694
1682
1637
1705
1770
1700
1645
1700
1638
1609
1689
1639
1659
1619
1575
1636
1645
1623
1628
1562
1572
1624
1558
1582
1654
1668
1660
1565
1621
1595
1698
1663
1502
1622
1658
1613
1538
1600
1567
1562
1572
1634
1535
1582
1521
1578
1547
1594
1558
1504
1606
1537
1569
1522
1578
1657
1521
1517
1586
1560
1514
1565
1576
1561
1614
1561
1522
1545
1469
1627
1520
1548
1499
1535
1482
1516
1498
1462
1535
1528
1504
1519
1551
1605
1526
1538
1442
1470
1367
1535
1409
1550
1493
1437
1502
1459
1423
1501
1519
1463
1497
1481
1483
1413
1484
1431
1570
1460
1465
1479
1375
1370
1417
1449
1426
1445
1412
1428
1515
1486
1432
1458
1417
1443
1406
1456
1403
1365
1405
1467
1399
1382
1430
1376
1345
1368
1433
1350
1386
1368
1333
1367
1402
1359
1404
1304
1362
1412
1421
1363
1389
1411
1353
1347
1370
1376
1330
1416
1395
1329
1333
1330
1411
1333
1384
1384
1310
1304
1279
1244
1295
1328
1371
1299
1306
1279
1389
1289
1288
1336
1297
1304
1286
1316
1290
1268
1319
1285
1273
1190
1256
1273
1305
1264
1267
1261
1317
1185
1223
1290
1245
1296
1269
1218
1225
1215
1269
1264
1229
1144
1232
1190
1267
1198
1236
1152
1175
1266
1242
1231
1221
1240
1215
1236
1186
1211
1195
1163
1176
1149
1207
1189
1206
1189
1178
1221
1143
1171
1129
1189
1130
1249
1168
1078
1215
1112
1135
1190
1192
1199
1155
1169
1133
1114
1118
1118
1121
1164
1105
1130
1150
1129
1099
1103
1088
1101
1095
1194
1105
1168
1127
1070
1082
1114
1061
1066
1086
1153
1106
1109
1058
1136
1108
1140
1092
1073
1055
1085
1058
1081
1038
1026
1029
1057
1029
1058
1011
1089
1127
1090
1045
1026
976
1025
1038
1038
1057
1001
1062
1011
1058
988
1002
1016
987
958
1036
980
1017
975
1003
1041
1021
1008
984
977
1025
1044
1000
963
988
961
970
946
1015
1016
995
994
968
977
1026
964
942
952
960
929
947
945
987
944
977
1004
963
892
911
926
952
936
899
921
916
955
913
951
869
927
937
883
875
922
867
896
914
928
871
931
864
892
898
881
859
928
892
864
848
883
907
940
906
914
847
839
858
840
844
898
867
868
842
852
865
886
876
839
884
835
895
798
823
817
795
846
869
811
802
816
877
828
842
835
769
765
802
819
776
798
770
744
835
846
789
822
776
822
818
793
777
741
750
785
788
778
798
754
725
707
781
748
754
722
724
765
785
728
785
809
753
782
781
686
815
760
742
716
716
708
777
695
768
765
685
724
739
756
702
764
666
723
700
709
713
743
674
675
752
705
663
725
705
696
700
699
677
702
709
717
729
722
675
661
666
663
681
645
634
708
671
673
689
733
650
646
684
685
689
708
675
628
640
623
658
637
577
618
636
635
652
594
668
622
648
591
678
645
639
571
621
672
626
690
651
659
597
602
615
607
596
669
647
585
592
616
597
570
591
578
584
594
621
573
601
638
605
602
561
626
566
587
563
598
574
581
598
641
589
559
570
566
592
591
553
548
528
531
565
588
537
563
570
567
546
553
566
582
580
585
590
537
565
523
515
567
567
548
524
523
513
492
561
529
498
553
510
492
527
517
502
528
563
515
566
512
535
476
509
506
503
506
483
531
477
483
522
498
490
501
537
520
485
452
467
491
446
488
536
474
507
515
510
457
482
473
487
508
473
474
448
521
469
458
469
467
462
486
434
462
441
476
477
460
435
463
435
439
457
475
437
448
456
460
407
469
442
441
434
439
425
419
445
465
434
477
458
440
427
433
398
434
412
454
444
429
426
426
416
421
407
430
419
391
428
384
413
448
403
404
407
407
410
418
390
411
428
419
403
409
381
384
390
416
380
409
368
404
406
406
369
372
390
361
407
391
383
382
356
398
375
386
356
380
398
372
367
374
377
340
390
352
352
378
359
352
357
356
354
378
369
390
374
311
389
353
341
378
358
361
345
341
349
323
389
336
368
335
339
339
337
361
356
362
336
306
346
328
347
363
334
337
336
369
304
361
328
326
299
344
320
321
295
344
322
296
338
332
344
319
328
335
313
330
324
330
311
302
310
315
340
336
316
310
316
289
323
328
310
284
306
322
301
275
300
300
300
320
289
274
305
288
286
307
295
301
283
298
309
276
293
281
330
304
310
282
280
283
307
277
289
271
293
275
292
267
300
292
288
292
295
298
284
322
281
285
274
264
271
292
274
264
291
283
283
272
291
279
271
234
248
238
254
292
274
250
264
265
275
265
278
256
257
225
247
228
256
248
275
263
235
259
237
266
259
230
247
222
253
250
210
239
238
252
256
251
262
224
246
235
258
247
233
258
234
240
234
221
234
216
251
235
244
224
218
213
252
212
233
222
227
247
235
257
234
239
233
237
236
221
235
226
233
227
241
209
225
211
258
240
240
204
200
235
218
193
254
206
195
199
222
221
251
197
227
199
225
226
207
220
208
213
215
238
234
199
206
193
222
211
210
197
225
208
206
200
202
223
203
233
220
207
205
212
221
190
219
226
221
179
191
208
219
220
203
212
228
202
213
223
192
193
220
201
189
196
204
204
215
184
190
192
219
218
190
182
202
181
202
202
188
164
170
180
204
196
209
182
198
179
182
166
197
193
172
183
205
199
184
173
172
168
205
202
195
191
196
140
190
187
170
188
194
194
194
167
199
192
195
198
161
175
185
186
179
150
167
201
157
178
157
207
187
190
190
158
202
186
171
197
153
156
182
167
153
150
164
185
164
170
173
166
169
176
176
156
174
175
186
148
208
185
185
180
159
163
173
163
147
176
136
170
177
172
177
172
160
193
181
156
154
164
149
158
136
169
141
178
139
161
155
153
143
158
158
166
154
155
141
172
151
150
165
152
166
163
146
155
133
157
149
143
146
140
163
133
150
148
158
146
140
134
140
149
142
131
150
143
134
130
151
153
158
160
135
140
137
134
136
147
158
156
133
132
158
131
132
150
129
157
120
140
127
138
145
143
137
143
154
142
139
142
148
135
115
139
136
131
110
131
153
128
135
146
118
130
148
155
127
143
113
155
133
122
136
142
122
110
127
116
131
120
131
133
120
138
121
137
109
117
121
131
139
144
120
128
117
121
134
131
142
127
133
128
126
132
112
122
127
122
119
107
126
129
114
129
122
141
121
120
113
114
134
138
105
120
126
113
108
130
106
98
124
124
110
114
120
130
121
124
117
124
111
121
103
104
112
114
113
112
128
130
102
103
118
117
115
120
101
106
92
108
121
106
96
103
99
109
96
106
112
96
126
111
100
112
94
90
108
126
98
94
119
101
108
112
96
114
108
103
122
111
119
110
106
108
99
99
114
106
95
92
117
92
108
92
112
104
102
99
102
106
100
108
83
95
102
99
97
88
90
97
85
90
95
93
93
100
90
100
118
83
99
93
88
83
92
99
95
101
89
87
101
98
93
105
84
96
90
94
80
77
88
96
91
97
93
95
94
92
91
76
96
99
98
87
88
88
74
92
82
96
95
96
81
84
100
83
102
88
80
81
87
88
72
93
86
91
78
73
93
96
100
86
73
93
84
91
80
77
82
79
81
80
71
65
79
83
76
96
97
77
90
90
55
81
77
86
76
90
85
83
74
71
89
94
94
76
74
80
74
65
84
65
82
80
72
83
76
70
78
76
82
68
88
71
78
64
75
75
76
72
73
87
73
77
73
77
83
63
89
85
77
79
70
76
61
82
74
80
73
78
84
70
66
79
73
67
62
70
65
56
74
81
87
63
79
62
72
79
57
85
70
67
61
75
80
77
68
74
79
60
70
69
84
73
86
75
58
67
76
75
72
52
69
62
73
50
67
52
70
74
64
57
80
66
49
71
65
67
62
72
56
65
60
73
62
59
73
65
60
60
68
51
67
70
60
75
51
49
70
65
53
70
59
56
60
72
59
61
62
56
62
59
53
61
65
69
61
57
58
68
78
49
56
65
66
50
67
74
55
60
59
65
52
46
58
56
58
55
73
64
69
39
62
61
59
60
46
53
33
49
62
52
68
49
49
59
49
63
55
67
57
57
47
46
60
60
63
44
40
54
72
52
64
55
64
56
69
56
46
56
57
65
42
50
60
58
45
38
55
53
49
50
51
43
49
49
52
47
49
50
50
53
51
47
63
58
52
61
49
43
47
50
69
37
45
59
37
53
59
67
40
50
47
60
42
52
44
54
43
51
43
55
57
50
40
39
48
47
55
50
41
50
45
48
49
50
43
50
40
45
41
42
47
47
49
46
48
49
45
51
50
44
49
44
48
49
27
51
49
49
55
50
43
49
54
49
54
51
44
41
53
45
49
48
47
43
49
33
32
54
47
51
55
38
51
43
49
44
53
42
39
43
51
49
33
46
39
45
63
38
43
40
43
55
34
55
33
50
46
45
47
43
37
42
33
42
54
44
41
44
42
48
40
46
39
42
33
35
41
36
46
37
39
39
47
45
38
40
31
43
38
32
45
51
42
42
42
38
35
32
30
31
40
40
44
39
45
36
37
45
45
48
30
25
53
41
53
40
29
34
34
40
44
47
44
37
37
44
52
43
38
32
31
30
39
50
35
44
38
38
38
44
34
36
44
35
37
51
34
41
33
47
41
34
36
33
38
42
43
40
46
41
35
36
34
46
30
41
40
32
51
41
33
35
38
41
41
37
29
36
28
29
29
42
48
28
31
39
36
42
40
40
44
39
32
28
37
29
34
37
41
40
34
38
46
30
29
45
33
38
44
43
32
41
31
31
43
39
35
29
39
23
39
33
31
48
35
35
40
34
43
35
32
34
40
35
34
29
42
35
33
31
22
33
32
33
42
25
28
38
30
40
23
43
40
23
28
34
44
28
33
33
26
37
37
33
35
42
27
38
38
18
27
31
27
30
29
30
38
25
27
39
32
35
34
36
39
32
22
22
53
30
22
26
28
37
34
24
31
36
32
36
27
29
37
37
37
25
33
25
24
33
31
36
32
32
38
24
27
33
28
30
32
38
28
26
29
35
28
32
38
30
33
32
34
21
29
26
39
31
27
16
21
24
28
23
30
30
36
30
30
35
27
21
27
21
25
25
37
24
31
26
34
19
32
36
44
33
39
22
23
26
21
25
22
27
21
25
36
19
38
30
31
24
36
31
28
26
25
33
29
30
23
30
29
29
29
26
32
27
18
26
28
40
19
30
30
36
30
26
22
24
35
23
34
41
34
22
21
26
22
21
23
26
33
27
26
28
22
32
27
21
28
35
24
26
22
34
26
23
23
27
21
17
24
26
22
21
25
24
16
27
26
34
28
27
34
26
26
19
35
29
27
15
35
33
16
27
21
23
23
27
31
20
30
35
25
32
31
23
25
25
31
20
31
27
23
24
22
24
15
21
29
21
20
17
25
26
32
33
24
30
28
14
19
20
22
19
30
28
29
21
24
20
23
22
32
33
25
24
20
29
20
23
31
25
26
15
26
27
24
23
18
26
24
23
15
28
25
30
20
20
20
23
17
24
23
24
21
19
29
21
30
14
19
17
20
21
33
23
21
22
23
16
31
23
21
22
26
27
21
19
15
26
21
20
20
14
16
25
15
21
23
21
22
27
19
19
18
21
17
29
26
35
21
13
22
19
23
19
25
25
16
17
30
23
28
19
26
18
20
18
25
16
18
27
14
13
25
24
27
25
27
19
21
20
26
13
18
10
24
19
19
14
23
24
17
15
24
11
17
19
29
15
17
18
13
23
21
19
25
23
15
22
21
30
14
22
22
19
16
16
17
25
18
25
20
15
17
20
17
28
15
17
28
21
18
17
33
24
18
15
26
28
15
24
24
15
22
21
20
15
21
25
19
22
9
26
18
19
22
21
24
18
16
14
11
19
23
22
12
20
14
13
18
16
26
15
15
20
13
28
22
18
19
17
18
10
21
20
24
24
23
23
17
13
17
22
10
16
14
13
24
22
27
21
21
18
19
15
24
23
14
13
14
7
25
27
15
15
16
20
22
16
16
19
22
15
21
15
15
18
13
21
18
19
16
16
14
23
26
20
29
22
16
21
9
18
19
8
15
26
18
21
26
14
18
17
19
21
17
15
11
26
18
18
18
14
18
21
22
15
21
16
25
14
12
17
11
18
21
18
15
11
14
18
14
22
10
23
8
20
10
25
13
20
20
20
14
21
12
15
11
16
25
23
15
19
18
17
24
15
18
16
21
13
15
16
20
15
11
17
20
19
18
14
22
15
15
18
22
19
15
13
18
13
14
12
14
12
13
16
11
19
18
22
14
7
16
16
13
14
15
19
16
20
19
13
21
19
11
21
13
15
15
21
14
10
17
15
18
15
11
10
15
18
17
14
18
13
11
15
19
12
18
14
17
13
15
14
16
11
15
12
14
15
15
16
20
14
17
11
14
15
18
14
9
16
11
11
13
16
18
10
17
18
12
16
13
13
17
13
12
14
14
15
13
13
21
15
20
18
6
15
22
19
21
18
11
15
11
15
14
8
18
23
13
13
16
13
16
15
14
14
12
15
10
6
17
20
13
15
19
18
14
13
5
15
21
12
14
10
11
14
15
16
8
16
10
11
12
18
10
14
17
19
17
11
13
15
12
18
11
9
7
13
7
16
18
17
16
14
16
15
18
16
18
16
15
5
14
8
15
14
23
20
17
12
16
14
11
15
22
13
17
14
15
6
13
11
21
15
20
15
19
21
9
9
15
11
10
16
13
12
14
14
17
17
10
10
17
15
15
5
9
10
18
7
17
16
13
17
13
13
16
9
19
10
14
15
8
11
16
13
9
16
13
15
13
13
12
14
14
16
15
10
7
12
12
17
13
14
19
13
13
11
12
12
16
9
16
12
17
14
10
13
15
16
11
13
9
17
19
13
15
10
10
21
13
15
8
16
19
12
13
14
11
11
10
20
15
11
14
14
7
13
13
11
9
11
13
13
14
7
10
10
12
11
17
12
11
9
13
5
10
12
11
12
12
14
13
13
10
9
11
18
12
12
13
18
12
9
13
19
10
18
16
17
13
12
8
18
10
8
9
13
11
17
15
11
13
20
10
9
15
11
13
13
20
6
15
13
14
13
13
12
17
14
12
11
10
10
12
20
12
8
13
7
13
8
10
15
13
12
13
16
16
11
14
13
8
13
8
10
12
16
7
11
14
9
5
9
8
10
13
3
16
16
6
14
10
19
17
13
16
11
17
11
11
14
8
9
11
13
13
16
15
12
9
12
16
9
13
11
13
6
11
18
13
15
17
13
18
12
10
16
14
6
7
9
13
9
20
12
12
11
13
6
15
8
18
11
11
12
8
9
8
11
14
15
12
7
17
14
11
17
8
14
17
11
6
9
17
8
8
9
10
11
14
13
11
15
9
14
13
8
9
9
4
5
11
17
9
8
8
15
7
14
18
17
14
16
10
10
8
7
7
18
13
11
12
6
8
12
18
14
12
19
8
13
16
11
16
13
15
5
5
11
10
3
19
11
9
18
9
10
14
10
14
14
7
6
11
10
15
12
10
17
10
6
9
9
10
14
4
11
8
7
5
9
10
8
14
13
10
8
20
14
8
6
7
8
15
10
9
9
9
17
8
11
9
14
13
14
11
11
6
9
7
15
14
4
6
10
7
8
10
9
10
11
7
8
14
14
9
11
6
7
8
9
10
6
7
10
9
3
17
10
5
10
11
4
5
11
7
12
7
8
8
12
12
14
13
8
9
10
12
4
15
7
5
13
8
8
12
12
9
10
11
6
9
6
6
11
10
15
9
8
10
10
13
7
8
12
6
7
11
10
16
11
16
12
9
15
8
7
9
13
9
10
13
11
5
13
12
5
10
4
11
11
6
12
8
9
9
8
10
11
10
8
4
15
14
12
13
13
8
14
4
11
10
9
7
12
5
5
7
13
11
14
6
7
7
15
17
13
7
12
9
10
4
17
6
18
11
16
10
11
14
10
12
12
9
8
6
9
8
9
8
6
9
11
10
12
11
11
9
7
6
5
11
7
13
11
10
16
10
6
14
9
6
10
5
5
17
5
12
7
3
19
8
15
10
12
7
8
12
10
9
13
11
8
6
12
8
13
3
9
11
6
4
13
9
7
8
6
7
15
8
12
17
7
10
10
7
9
11
7
7
9
13
7
8
5
10
11
7
10
3
9
3
5
11
5
2
11
11
8
9
4
8
7
5
9
8
7
10
5
9
12
6
14
14
10
9
10
14
8
8
12
12
10
6
15
7
8
10
10
7
8
6
7
3
6
6
10
9
13
9
7
12
16
7
12
4
7
11
10
11
9
11
8
10
7
4
9
12
8
9
7
5
8
9
10
9
5
8
8
9
16
3
10
6
9
9
7
6
15
8
10
15
6
8
11
5
6
6
12
7
9
5
8
12
7
8
8
11
9
10
6
7
11
8
5
6
9
13
8
13
5
14
4
8
4
8
14
11
14
7
8
6
8
12
11
7
10
5
8
9
3
9
5
11
8
11
6
9
3
7
5
8
7
5
6
16
7
9
8
11
8
3
7
5
9
5
15
10
7
10
4
4
5
8
7
15
7
6
11
5
4
9
7
8
6
7
9
6
5
7
6
7
9
11
5
11
11
9
5
7
10
9
11
7
4
5
10
12
8
5
4
14
5
8
8
6
6
6
10
9
6
6
5
6
5
3
8
10
12
6
8
7
6
7
8
12
8
5
8
5
6
6
10
5
5
4
7
7
10
7
6
3
6
11
8
6
4
7
7
6
13
5
4
12
8
6
7
13
8
5
6
5
5
8
5
12
8
5
4
4
10
4
7
1
6
7
6
9
9
7
1
5
6
6
4
5
4
4
9
8
10
7
4
5
4
5
7
5
5
6
6
12
8
9
7
4
7
8
5
3
5
6
5
8
5
4
3
13
8
11
3
6
8
7
8
7
3
5
3
4
4
6
8
5
4
4
8
11
9
5
12
7
7
9
4
3
6
3
7
5
9
3
5
9
9
8
4
5
11
9
4
6
2
6
5
10
3
6
8
5
8
6
8
6
5
5
11
5
6
8
4
6
6
9
3
3
11
5
8
14
4
2
8
16
7
3
2
8
6
4
10
4
11
7
4
3
7
3
7
5
7
5
6
7
3
10
4
2
7
4
8
5
4
9
7
6
4
6
3
8
4
5
9
3
6
5
5
4
5
10
5
6
6
5
12
5
7
12
3
6
6
6
7
6
4
6
1
5
8
2
3
4
6
4
6
2
3
8
3
7
3
5
6
6
1
12
6
3
4
7
4
9
5
10
6
5
6
5
7
4
5
5
3
7
4
3
8
7
5
4
4
4
4
5
8
9
6
4
7
8
7
3
6
6
5
10
4
3
7
4
6
2
5
4
8
8
6
6
8
7
8
10
5
8
5
7
4
7
6
7
5
4
5
6
7
5
3
9
7
4
2
6
5
5
5
6
2
3
5
4
4
4
3
7
7
5
9
4
7
4
4
4
9
5
5
5
2
9
4
3
6
4
4
4
5
7
5
4
8
4
8
5
7
5
1
2
4
3
4
4
5
5
10
6
7
5
6
1
2
2
10
9
2
4
6
5
6
6
8
5
7
5
6
4
6
6
5
3
6
4
1
6
7
2
5
8
8
2
7
8
4
9
5
1
1
7
2
5
10
3
3
4
6
5
4
0
3
5
4
5
1
3
5
5
0
5
6
3
5
2
3
3
3
7
1
4
6
4
2
4
6
1
5
5
4
3
2
4
8
3
5
3
7
3
4
6
2
5
1
4
4
3
5
4
6
5
3
6
4
4
5
6
3
3
4
3
5
5
5
2
4
5
2
8
9
3
4
7
4
2
4
3
4
2
1
6
6
4
3
3
5
7
3
4
3
2
3
11
5
7
3
3
0
2
5
9
1
5
6
4
6
3
3
2
7
3
2
7
3
6
0
3
6
6
3
3
6
2
4
4
5
2
6
1
2
1
6
5
3
4
3
6
7
3
1
2
2
3
3
2
5
1
5
9
2
2
2
4
6
2
1
5
0
6
4
1
6
3
3
6
5
5
5
2
6
2
2
4
2
5
5
5
2
3
4
6
2
5
1
2
5
5
5
7
2
1
5
4
2
3
6
1
6
4
4
5
4
2
2
3
3
1
2
8
9
4
4
4
4
4
4
3
5
1
3
2
4
3
3
3
5
5
6
4
4
3
6
3
3
3
4
5
5
2
6
4
7
3
4
2
4
7
4
2
5
4
2
3
5
2
4
3
1
5
3
4
3
2
2
4
4
5
3
7
6
5
3
4
3
1
5
6
3
2
6
0
2
4
5
3
6
6
7
0
6
5
4
1
3
1
4
7
3
4
1
5
1
3
1
1
0
2
3
3
1
5
3
4
4
4
4
3
7
4
2
7
3
1
5
3
1
1
1
2
3
2
3
6
6
0
3
4
7
2
4
3
4
3
2
3
3
3
1
5
2
4
1
2
0
3
4
3
3
3
7
4
3
3
1
3
1
1
5
3
2
4
3
5
3
2
2
1
4
4
2
1
7
5
3
2
2
1
2
5
2
4
4
1
3
2
1
2
4
5
3
3
4
2
3
2
3
3
5
3
6
8
3
2
2
3
1
2
6
3
1
4
1
1
1
5
2
5
6
5
4
0
3
2
5
1
1
2
1
0
1
5
6
3
1
1
1
3
2
3
1
2
1
0
4
2
5
3
4
1
2
2
1
6
5
5
3
2
2
1
4
1
1
3
3
3
2
3
4
5
4
4
1
3
1
3
3
4
6
0
4
1
4
3
2
4
1
1
3
2
5
2
2
2
2
3
5
2
3
3
1
2
5
4
4
4
4
1
2
1
2
3
3
2
2
1
3
3
1
1
5
3
2
3
3
2
3
5
1
0
0
4
2
0
1
0
1
1
1
3
2
4
2
3
1
0
3
0
2
4
2
5
3
2
1
1
3
3
4
2
2
4
0
2
2
0
2
0
4
4
2
3
3
1
3
0
2
0
6
4
4
4
4
2
4
3
6
2
3
3
0
4
3
0
2
4
1
1
4
1
3
1
2
2
1
3
1
0
4
2
2
1
2
1
3
0
0
0
3
3
3
1
2
2
2
1
2
7
0
2
1
0
2
2
2
3
1
0
2
0
2
5
3
0
3
5
2
2
4
4
4
0
0
3
0
3
2
5
4
6
2
4
2
1
1
2
0
0
2
3
4
1
2
1
3
2
2
1
5
1
0
3
5
3
1
0
3
3
2
2
2
3
2
2
4
1
5
3
1
1
0
1
0
5
5
1
2
2
1
2
2
3
1
0
1
3
1
3
6
0
2
3
2
3
1
1
3
1
3
1
3
4
0
1
1
0
0
2
2
3
2
0
1
3
1
1
0
1
2
1
1
2
2
2
2
2
1
3
0
1
1
0
4
3
2
1
2
1
2
2
0
2
2
2
1
0
2
1
2
1
1
1
2
0
1
2
2
2
0
0
0
2
2
2
1
3
1
1
1
0
1
0
2
4
2
1
2
3
0
1
2
1
3
0
1
1
1
3
1
2
2
1
1
0
1
0
1
0
1
0
1
3
0
0
2
1
0
3
1
0
0
0
1
2
1
0
4
3
0
0
2
2
1
1
2
2
3
2
1
0
0
2
0
0
3
0
2
0
1
1
3
1
1
1
0
2
1
3
2
4
1
3
1
4
0
0
0
0
3
0
1
1
1
2
1
0
0
0
2
0
2
2
0
1
1
1
1
5
0
1
3
3
2
1
3
0
2
1
0
1
2
1
2
0
1
2
1
1
2
0
2
2
3
2
1
0
2
0
0
1
0
2
1
2
0
1
1
3
0
0
2
1
1
0
1
0
1
2
0
0
0
3
0
1
3
1
3
2
1
0
2
0
0
4
0
0
2
1
1
1
0
0
1
0
1
2
1
1
2
0
1
2
0
0
0
0
0
2
3
1
3
2
0
4
2
4
1
0
0
4
0
0
0
0
1
3
1
0
0
0
2
1
2
2
3
0
0
0
1
1
1
0
0
1
0
0
2
2
3
0
1
1
1
1
2
3
1
1
1
3
1
0
2
2
0
3
0
3
2
1
2
5
0
2
2
0
0
2
2
1
2
1
1
1
0
0
0
0
4
5
2
0
0
0
0
0
0
2
0
2
3
1
1
0
0
1
0
1
3
2
0
1
0
0
0
1
2
1
2
0
0
1
2
0
2
0
0
3
1
0
1
2
1
0
1
0
0
2
0
4
0
0
0
3
1
2
1
1
1
0
3
0
1
0
2
1
1
1
0
2
0
2
3
1
1
2
0
0
0
1
1
0
0
2
2
1
2
1
1
1
1
0
2
0
0
0
3
0
1
1
1
2
0
1
0
2
2
1
1
0
1
0
2
0
2
0
2
0
2
0
1
2
1
0
1
4
1
0
0
1
1
0
0
2
3
0
1
2
0
3
1
0
0
1
1
0
0
0
1
1
1
2
0
0
0
0
1
2
1
0
1
1
0
2
0
0
0
0
0
0
1
2
2
1
0
1
0
0
0
0
1
0
0
0
0
2
0
0
0
2
0
0
1
2
2
0
0
1
2
0
0
2
1
0
0
0
1
1
0
0
0
0
1
1
0
0
1
0
2
1
0
2
0
0
2
0
1
1
0
0
0
4
0
0
0
1
0
0
2
1
0
0
1
1
1
1
1
2
1
2
0
1
0
3
1
0
1
0
2
2
0
1
2
1
0
0
0
0
0
0
0
0
2
1
1
0
0
0
1
1
1
1
0
0
1
0
0
1
0
0
0
0
0
1
1
2
0
2
1
0
1
0
1
0
0
0
0
0
0
0
1
0
0
1
1
1
0
1
1
2
1
3
1
0
0
0
0
0
1
0
1
3
0
1
3
1
0
0
0
0
1
0
0
1
0
0
1
0
2
1
0
0
2
0
1
2
1
0
0
3
1
0
2
1
2
0
0
1
0
0
0
0
0
0
1
0
2
0
0
1
1
2
0
0
1
0
0
0
0
1
0
1
0
1
0
0
0
0
0
0
2
0
1
0
0
1
1
0
0
0
0
0
1
1
1
1
1
1
1
0
0
0
0
0
0
1
0
1
1
0
1
0
1
0
0
0
1
2
0
0
0
0
1
0
0
0
1
1
0
2
1
1
0
0
0
0
0
0
1
0
2
0
0
1
2
0
1
0
1
2
1
3
0
0
1
0
1
1
0
0
0
0
0
0
0
0
0
2
0
1
1
0
0
1
2
0
0
1
1
1
2
1
0
0
1
1
0
1
0
0
0
1
0
1
1
1
1
1
0
1
0
0
0
1
0
1
2
1
1
1
0
0
0
0
0
0
0
0
0
1
1
0
0
0
0
1
0
0
1
0
0
0
0
1
1
0
0
0
0
0
0
0
1
0
0
1
1
0
1
0
1
0
0
1
0
0
1
0
0
0
0
1
1
0
0
1
0
1
1
1
0
0
0
0
1
0
0
0
0
0
0
1
0
0
0
0
0
0
1
0
2
1
0
0
1
0
0
0
0
1
0
0
1
0
0
0
0
0
0
1
0
0
0
0
0
0
0
0
1
0
0
1
0
1
0
0
1
0
0
0
0
0
0
0
0
0
0
0
0
0
0
0
0
0
2
0
0
0
1
0
1
1
0
1
0
0
0
0
0
1
0
1
0
0
0
0
0
0
0
1
1
0
0
0
0
0
1
1
1
0
0
0
1
0
0
1
0
0
0
0
0
1
0
0
0
0
1
2
0
0
0
0
0
0
0
1
2
0
0
0
0
0
0
0
0
1
0
1
0
0
0
0
1
0
0
0
2
0
0
1
0
0
0
1
0
0
0
2
0
0
0
0
0
0
0
0
1
0
0
0
0
0
0
0
0
1
0
0
0
0
0
0
0
0
0
0
0
0
1
0
1
0
0
0
0
0
2
0
0
2
0
0
0
0
0
1
0
0
1
0
0
0
0
0
0
1
1
0
0
0
0
0
1
1
1
0
1
1
1
0
0
0
1
0
0
0
0
0
0
0
2
0
0
0
0
1
0
1
0
0
0
0
0
0
0
0
1
0
0
1
0
0
0
0
0
0
1
0
0
2
0
0
0
0
0
0
1
0
0
0
0
0
0
0
0
0
0
0
1
0
1
0
0
0
0
0
0
0
1
0
0
0
0
0
0
0
0
0
1
0
1
0
0
1
0
0
0
0
0
0
0
0
1
0
0
1
0
0
0
0
1
0
1
0
0
0
0
0
0
0
0
0
2
0
0
0
0
0
0
0
0
0
1
0
0
0
0
0
0
0
0
0
0
0
0
0
0
0
1
1
0
0
0
0
1
0
0
0
1
0
1
0
0
0
0
0
1
0
0
0
0
0
0
0
0
0
1
0
0
0
1
0
0
1
0
0
0
0
1
1
0
0
0
0
0
0
0
0
0
0
0
0
0
0
0
0
1
0
0
0
0
0
0
0
0
0
0
0
0
1
0
0
0
0
0
0
0
0
0
0
0
0
0
0
0
0
0
0
0
0
0
0
0
1
2
0
1
0
0
0
0
0
0
0
0
0
0
0
0
0
0
0
0
0
0
0
0
0
1
0
0
0
0
0
0
1
0
0
0
0
0
0
0
0
1
0
0
1
0
0
0
3
0
0
0
0
0
0
0
0
1
0
1
0
0
0
0
0
0
0
0
0
0
0
0
0
0
0
0
0
0
0
0
0
0
0
0
0
0
0
0
0
0
0
0
0
0
0
0
0
0
0
0
0
0
0
0
0
0
0
0
0
0
0
0
0
0
0
1
0
1
0
1
0
0
1
0
0
0
0
0
0
0
0
1
0
0
0
0
0
0
0
0
0
0
0
1
0
0
0
0
0
1
0
1
0
0
0
0
0
0
0
0
0
0
0
0
0
0
0
0
0
0
0
0
0
0
0
1
0
0
2
0
1
0
0
0
0
0
0
0
0
0
0
0
0
0
0
0
0
0
0
0
0
0
0
0
0
0
0
0
0
0
1
1
0
0
0
1
0
0
0
0
0
0
0
0
0
0
0
0
0
0
0
0
0
0
0
0
0
0
0
1
0
1
0
1
0
0
0
0
0
0
0
0
1
0
0
0
0
0
0
0
0
0
0
1
0
0
0
0
0
0
0
0
0
0
0
0
0
0
0
0
0
0
0
0
0
0
0
0
0
0
0
0
0
0
0
0
1
0
0
0
0
1
0
0
0
0
0
0
0
0
0
0
1
0
0
1
0
0
0
0
0
0
0
0
0
0
0
0
0
0
0
0
0
1
0
0
0
0
1
0
0
1
0
0
0
0
0
0
0
0
0
0
0
0
0
0
1
0
0
0
0
0
1
0
0
0
0
0
0
0
0
0
0
0
0
0
0
0
1
0
0
0
0
0
0
0
0
0
0
0
0
0
0
0
0
0
0
0
0
0
0
0
0
0
0
0
0
0
0
0
0
0
0
0
0
0
0
0
0
0
0
0
0
1
1
0
0
1
0
0
0
0
0
0
0
0
0
0
0
0
0
0
0
0
0
0
0
0
1
0
0
0
0
1
0
0
0
0
0
0
0
1
0
0
0
0
0
0
0
0
0
0
0
0
0
0
0
0
0
0
0
0
0
0
0
0
0
0
0
0
0
0
0
0
0
0
0
0
0
0
0
0
0
0
0
0
0
0
0
0
0
0
0
1
0
0
0
0
0
0
0
0
0
0
0
0
0
0
0
0
0
0
0
0
0
0
0
0
0
0
0
0
0
0
0
0
0
0
0
0
0
0
0
0
0
0
0
0
0
0
0
0
0
0
0
0
0
0
0
0
0
0
0
0
1
0
0
0
0
0
0
0
0
0
0
0
0
0
0
0
1
0
0
0
0
0
0
0
0
0
0
0
0
0
0
0
0
0
0
0
0
0
0
0
0
0
0
0
0
0
0
0
0
0
0
0
0
0
0
0
0
0
0
0
0
0
0
0
0
0
0
0
0
0
0
0
0
0
0
0
0
0
0
0
0
0
0
0
0
0
1
0
0
0
0
0
1
0
0
0
0
0
0
0
0
0
0
0
0
0
0
0
0
0
0
0
0
0
0
0
0
0
0
0
0
0
1
0
0
0
0
0
0
0
0
0
1
0
0
0
0
0
0
0
0
0
0
0
0
0
0
0
0
0
