<<PMCA SPECTRUM>>
TAG - live_data
DESCRIPTION - 
GAIN - 5
THRESHOLD - 0
LIVE_MODE - 0
PRESET_TIME - 0
LIVE_TIME - 2.700000
REAL_TIME - 16.138000
START_TIME - 09/18/2019 09:53:47
SERIAL_NUMBER - 0
<<DATA>>
0
0
727
1698
4690
4751
3775
3088
2768
2336
1942
1720
1543
1343
1259
1216
1113
1023
974
985
944
861
826
705
648
654
570
540
496
472
480
421
398
358
354
321
267
253
235
201
151
157
149
147
127
104
106
97
85
102
91
83
82
70
73
67
73
70
76
45
62
57
56
54
80
60
66
47
39
57
53
52
58
52
57
52
67
65
59
77
67
86
85
81
90
91
80
90
102
89
115
120
124
138
196
201
227
270
341
387
435
525
645
709
739
798
920
971
1058
1107
1252
1239
1257
1390
1533
1484
1607
1705
1787
1885
1941
2042
2110
2128
2254
2224
2473
2550
2658
2775
2698
2909
3110
3086
3263
3282
3304
3385
3461
3589
3776
3842
3914
4010
4141
4221
4346
4401
4388
4821
4761
4913
4904
5001
5104
5223
5182
5381
5424
5606
5639
5638
5797
5962
6110
6040
6232
6271
6449
6617
6668
6588
6753
6588
7019
6980
7005
7073
7311
7156
7329
7452
7545
7552
7709
7737
7801
7966
8162
7988
7989
8098
8248
8291
8271
8463
8506
8483
8706
8581
8625
8826
8694
8717
8888
9000
8918
8974
9097
9147
9269
9297
9213
9451
9358
9336
9388
9588
9547
9486
9569
9584
9643
9561
9760
9795
9817
9644
9820
9895
9926
10084
9912
10045
9876
10271
10301
9942
10131
10041
9963
10201
10169
10235
10167
10325
10221
10321
10318
10020
10348
10491
10243
10450
10299
10354
10240
10270
10408
10528
10420
10397
10483
10354
10336
10511
10331
10702
10469
10351
10369
10480
10301
10546
10665
10489
10713
10466
10336
10376
10451
10506
10350
10271
10482
10510
10589
10497
10407
10550
10404
10518
10397
10424
10392
10679
10527
10289
10460
10352
10379
10398
10324
10405
10347
10345
10433
10434
10364
10333
10295
10155
10225
10260
10194
10265
10265
10247
10521
10299
10471
10296
10372
10312
10341
10292
10314
10110
10293
10237
10304
10144
10223
10395
10123
10268
10091
10246
10021
10137
9992
10006
10106
9956
10152
10035
10037
10072
9880
10074
9825
10015
10089
9976
10020
9926
9991
10124
9942
10021
10080
9982
10165
10053
9996
9998
10070
10072
10014
10077
9997
10130
9872
9976
9941
9689
9847
9998
10040
9758
9841
9834
9984
9845
9934
9715
9761
9737
9734
9657
9816
9523
9741
9735
9813
9614
9831
9673
9519
9534
9781
9747
9693
9719
9845
9703
9728
9777
9650
9599
9556
9423
9570
9729
9426
9511
9719
9492
9393
9455
9391
9327
9534
9419
9435
9421
9625
9387
9403
9314
9438
9482
9387
9337
9309
9484
9425
9471
9465
9173
9335
9259
9253
9262
9006
9200
9114
9232
9140
9254
9325
9347
9251
9079
9072
9156
9057
9193
9244
8979
9008
9254
9212
9134
9019
9085
9057
9212
9195
9093
9015
8865
9024
9063
8998
9239
8930
9012
8882
9016
8885
8915
9113
8930
9071
8852
8912
8899
8916
8928
8744
8868
8871
8725
8792
8792
8709
8869
8741
8652
8784
8574
8577
8742
8586
8608
8635
8647
8657
8512
8710
8458
8558
8520
8671
8545
8563
8634
8516
8643
8579
8438
8563
8541
8449
8487
8402
8438
8312
8391
8407
8283
8363
8491
8436
8280
8375
8252
8324
8462
8375
8275
8207
8215
8289
8170
8569
8164
8314
8111
8064
8235
8090
8230
8176
8112
8215
8011
8101
8021
8140
8057
8018
7987
8025
8064
7876
7925
7861
7919
8072
7968
7894
7945
8021
7851
7864
7956
7942
7942
7790
7760
7762
7998
7891
7772
7836
7672
7799
7703
7782
7680
7711
7687
7500
7742
7636
7559
7627
7503
7699
7568
7533
7564
7576
7523
7538
7441
7486
7522
7454
7653
7358
7443
7383
7438
7373
7453
7355
7351
7277
7372
7353
7342
7466
7393
7228
7201
7310
7056
7343
7297
7332
7230
7245
7057
7158
7061
7210
7173
7058
7103
7070
7058
7028
7156
7281
7041
7058
7067
7093
6949
6916
7060
6991
6958
7061
7050
7050
6808
6802
6876
6998
6817
6965
6776
6888
6811
6834
6592
6842
6912
6643
6863
6701
6702
6669
6779
6538
6620
6750
6534
6677
6560
6666
6660
6521
6432
6567
6577
6435
6497
6558
6476
6442
6516
6519
6421
6456
6522
6476
6461
6448
6314
6370
6317
6475
6306
6321
6262
6295
6243
6351
6253
6213
6318
6334
6183
6277
6325
6207
6219
6282
6142
6093
6062
6098
6155
6125
6104
6108
6313
6029
5993
6116
5999
6051
6156
5975
6045
5944
5901
5948
5895
5998
5983
5791
5791
5720
5871
5745
5799
5937
5898
5690
5659
5749
5729
5743
5707
5736
5630
5630
5731
5715
5691
5671
5689
5695
5570
5540
5672
5673
5483
5525
5581
5446
5571
5643
5639
5410
5500
5597
5473
5437
5443
5501
5387
5415
5353
5566
5264
5414
5546
5321
5271
5238
5329
5305
5323
5359
5209
5297
5260
5258
5220
5223
5128
5096
5206
5135
5164
5155
5178
5054
5029
5035
5065
5073
5037
5070
4997
4984
5080
4983
4983
4962
4993
5035
4982
5052
4908
4889
4943
4951
5017
4953
4909
4900
4876
4937
4812
4879
4837
4724
4762
4903
4743
4915
4813
4831
4758
4886
4630
4732
4709
4646
4726
4731
4515
4667
4605
4659
4587
4577
4534
4671
4504
4572
4725
4464
4522
4474
4447
4544
4596
4428
4375
4384
4448
4429
4432
4384
4497
4464
4432
4374
4356
4325
4287
4398
4212
4180
4236
4302
4302
4286
4162
4290
4197
4254
4321
4170
4162
4225
4008
4102
4134
4038
4253
4137
4039
4163
4150
4103
4072
4149
4085
4033
4141
3995
4026
4011
4023
4033
4012
3939
4071
3997
3962
3957
3854
3831
3932
3937
3860
3823
3883
3912
3915
3900
3770
3796
3769
3828
3815
3776
3852
3798
3857
3794
3711
3736
3691
3668
3708
3750
3682
3646
3700
3745
3699
3607
3711
3627
3681
3637
3686
3670
3528
3625
3658
3519
3517
3684
3523
3476
3449
3480
3488
3558
3397
3535
3573
3481
3508
3484
3484
3475
3454
3482
3414
3465
3429
3297
3483
3331
3294
3396
3334
3203
3342
3246
3346
3377
3366
3248
3168
3251
3230
3224
3206
3296
3218
3268
3258
3180
3247
3188
3164
3117
3203
3203
3197
3127
3163
3113
3142
3064
3139
3128
3029
3132
3206
3098
3012
3055
3056
3092
2978
3051
3020
3019
2905
2988
2933
3070
3014
2943
3002
2997
2879
2861
2962
2946
2965
2918
2874
2832
2835
2793
2849
2907
2924
2891
2726
2855
2813
2853
2705
2721
2795
2804
2732
2826
2762
2758
2677
2644
2671
2822
2777
2724
2720
2784
2682
2731
2687
2607
2719
2656
2636
2693
2739
2646
2665
2693
2645
2581
2542
2554
2608
2604
2704
2478
2574
2496
2530
2648
2513
2579
2461
2544
2355
2518
2538
2495
2561
2426
2481
2469
2400
2438
2339
2605
2381
2418
2392
2361
2545
2468
2376
2388
2389
2419
2453
2446
2334
2369
2400
2300
2297
2311
2354
2328
2329
2315
2341
2348
2295
2308
2353
2325
2357
2209
2274
2305
2323
2214
2283
2211
2144
2322
2252
2211
2272
2251
2267
2221
2177
2151
2232
2155
2116
2183
2195
2037
2194
2153
2108
2125
2187
2184
2235
2113
2080
2092
2110
2106
2025
2052
2050
2084
2036
2056
2039
2019
2088
2010
2099
2018
1990
1944
2018
2028
2043
2000
2066
2008
1940
2018
1991
1938
1967
1944
2023
1987
1973
1861
1893
1983
2025
1990
1944
1893
1882
1885
1888
1864
1899
1837
1817
1907
1892
1863
1813
1886
1944
1845
1794
1917
1874
1857
1890
1835
1720
1845
1812
1862
1798
1831
1825
1838
1808
1811
1841
1793
1754
1789
1751
1775
1730
1845
1732
1750
1722
1746
1817
1739
1779
1671
1719
1754
1727
1683
1742
1752
1787
1688
1649
1696
1614
1716
1660
1658
1668
1656
1622
1638
1666
1658
1656
1661
1704
1631
1701
1573
1575
1640
1640
1666
1593
1630
1640
1645
1586
1596
1565
1531
1575
1579
1513
1551
1576
1575
1539
1614
1552
1533
1539
1550
1530
1496
1484
1496
1466
1531
1575
1514
1482
1619
1560
1499
1582
1487
1601
1551
1529
1495
1535
1371
1464
1489
1484
1466
1429
1517
1478
1434
1360
1457
1422
1458
1437
1418
1439
1423
1429
1429
1452
1463
1387
1467
1437
1440
1340
1453
1331
1389
1306
1475
1404
1313
1421
1339
1349
1334
1350
1394
1306
1371
1327
1347
1365
1347
1370
1381
1331
1374
1314
1348
1339
1299
1282
1332
1300
1338
1322
1321
1299
1314
1252
1312
1288
1220
1319
1263
1322
1275
1277
1369
1233
1277
1227
1239
1201
1207
1269
1175
1253
1207
1238
1256
1338
1240
1162
1337
1233
1246
1208
1276
1156
1151
1203
1202
1209
1227
1153
1229
1201
1213
1183
1122
1153
1235
1203
1156
1192
1205
1158
1172
1244
1205
1133
1153
1144
1124
1137
1160
1124
1172
1161
1107
1174
1097
1107
1156
1133
1070
1201
1140
1148
1066
1106
1095
1089
1110
1127
1077
1046
1060
1084
1113
1110
1131
1096
1074
1050
1087
1013
1086
1059
1059
1035
1081
1054
1070
1034
1074
1068
1044
1078
1076
1072
1083
1035
1065
1088
1095
1045
1025
1034
1016
1082
979
1009
1026
997
1082
1036
997
1033
1010
1062
1041
1051
1039
989
1019
992
1001
977
1026
989
1009
1044
975
939
997
969
1068
1027
971
958
996
970
942
934
931
953
924
1006
932
1000
888
896
863
906
954
940
962
944
933
900
945
972
911
1007
873
917
950
947
907
927
897
904
930
877
913
913
885
929
851
873
945
888
876
906
842
901
890
913
886
920
891
908
857
862
866
934
879
894
874
888
909
894
840
852
828
870
855
919
838
842
823
898
808
869
888
856
839
831
824
845
854
796
831
843
812
850
832
792
810
818
791
852
799
866
854
784
809
870
792
822
774
865
839
797
770
782
742
827
873
798
804
783
796
720
812
812
759
766
759
764
756
783
791
724
777
774
753
775
755
755
752
820
755
791
779
821
746
789
716
706
748
795
787
728
773
775
720
745
753
769
684
785
750
716
759
727
736
731
717
738
716
734
708
726
767
738
726
729
724
723
698
696
691
665
723
671
717
680
717
693
690
706
756
701
712
683
686
674
696
698
708
656
716
683
660
693
646
718
670
683
670
666
674
686
634
718
684
697
684
699
672
681
676
633
639
737
638
672
672
718
652
653
672
638
633
634
635
660
638
616
706
635
622
635
655
699
647
645
604
610
690
606
599
645
623
646
654
630
591
589
594
669
611
629
624
643
616
581
627
614
606
604
594
642
593
602
599
650
648
633
621
583
592
606
618
638
615
569
594
632
564
568
580
546
599
615
541
573
592
586
619
591
580
559
647
580
579
616
569
576
582
575
635
586
565
560
536
559
529
524
592
552
570
601
550
588
582
591
574
579
545
563
612
554
548
536
575
554
530
575
548
512
559
565
539
522
549
549
577
574
537
516
524
562
527
573
570
528
513
513
543
504
566
548
519
520
563
535
526
557
523
542
527
491
505
563
477
515
514
470
513
535
536
500
539
531
557
521
554
523
499
554
551
482
505
522
504
509
443
517
552
525
482
534
523
497
520
517
464
492
524
475
524
469
471
475
506
472
489
486
463
453
499
485
482
475
523
501
455
454
512
481
438
491
481
479
493
477
472
471
484
518
476
452
468
504
490
495
482
469
446
469
516
452
492
488
473
464
465
467
508
531
509
496
467
456
448
474
474
431
446
460
490
461
468
480
462
475
472
482
499
469
451
481
450
438
447
482
472
442
461
444
459
471
419
448
442
414
461
449
454
432
470
451
456
459
442
457
435
474
419
433
456
397
462
434
423
415
416
382
481
446
445
489
423
396
459
407
430
439
460
415
430
390
418
425
413
451
453
430
439
421
456
419
427
439
412
455
441
418
441
408
433
437
446
457
473
428
406
436
415
418
441
431
423
423
398
408
377
434
406
431
457
400
430
436
415
431
410
433
414
412
397
419
451
401
390
407
408
422
437
410
385
417
379
408
425
355
422
427
411
421
388
411
385
421
428
395
410
407
400
397
432
380
371
408
430
393
417
408
433
380
399
443
377
436
378
399
418
385
411
391
384
452
441
397
405
409
425
432
414
397
403
389
384
361
365
382
431
406
375
426
408
405
376
385
400
390
400
406
398
379
402
396
391
409
420
374
400
397
402
403
401
409
418
381
380
423
392
382
399
416
358
374
365
418
411
361
392
390
363
368
384
391
416
380
362
390
399
371
399
383
404
382
373
392
405
389
401
359
405
384
397
395
400
376
374
390
402
401
369
377
404
372
379
411
370
353
382
386
397
378
350
407
371
407
391
343
352
389
362
373
390
382
380
383
391
380
398
405
374
393
400
384
363
389
353
396
380
365
351
356
347
378
396
327
373
336
357
360
342
380
353
430
369
358
380
382
407
380
363
394
382
373
341
412
365
316
396
347
375
358
371
387
358
385
387
382
369
359
373
382
366
340
394
402
368
386
385
365
357
384
390
330
359
360
390
382
385
390
368
328
387
371
345
339
375
369
354
359
368
346
355
367
360
408
368
353
361
360
362
375
389
341
371
354
357
365
360
373
343
357
357
350
357
413
340
358
388
380
354
347
346
350
401
339
357
344
352
368
351
376
352
358
321
353
354
362
320
325
334
370
340
347
380
305
336
315
348
372
380
377
351
341
341
355
313
355
389
371
345
338
349
362
344
368
351
357
331
337
319
348
346
358
321
320
345
375
361
339
340
405
375
325
373
395
342
353
364
386
364
332
327
336
331
308
337
329
330
369
342
357
352
338
351
359
341
346
354
348
356
328
345
353
373
356
326
367
345
361
361
341
336
363
357
349
338
318
349
359
327
345
322
304
334
336
314
360
343
343
349
333
330
318
323
333
357
350
315
367
318
312
333
347
360
347
333
321
352
346
365
320
331
373
307
290
336
371
319
338
319
335
326
342
318
284
347
332
331
333
317
314
341
328
343
361
361
333
343
311
311
321
361
318
336
345
311
286
346
335
331
335
334
321
323
339
326
325
334
327
318
353
334
340
287
319
322
332
292
314
334
324
320
310
307
326
324
327
295
297
316
307
307
322
368
280
303
325
314
321
314
331
311
281
334
333
339
310
294
301
321
325
311
325
351
289
331
317
311
329
338
296
291
316
342
295
312
308
295
313
281
325
318
306
308
316
315
325
307
313
300
308
295
285
317
302
302
326
283
305
295
282
314
277
333
335
308
289
302
303
290
301
295
312
269
292
280
254
324
317
307
314
296
304
311
263
276
288
266
309
289
307
294
306
290
306
301
265
278
304
294
275
312
281
319
277
274
283
280
284
273
294
278
289
289
266
294
273
290
294
308
266
324
295
285
296
278
302
268
274
297
304
293
300
279
241
280
303
263
265
273
300
273
284
300
324
280
305
295
263
267
279
287
296
307
270
270
286
266
270
243
315
286
262
285
251
283
274
275
308
260
255
262
269
249
265
281
267
269
295
246
279
288
282
257
267
257
275
242
268
276
282
226
280
243
278
295
252
282
297
279
270
263
275
269
257
256
266
282
281
254
262
236
257
252
246
285
292
269
276
279
273
240
278
244
261
255
255
282
267
236
266
256
236
266
284
238
236
265
249
295
206
255
272
238
251
259
266
252
249
250
242
270
240
241
261
231
256
238
261
277
221
235
251
237
227
235
243
224
271
242
233
255
242
269
248
233
219
252
238
268
258
220
275
211
250
262
243
244
237
229
266
248
245
220
249
249
249
283
224
230
212
210
239
259
227
225
243
252
236
256
209
218
226
257
238
246
232
232
213
221
239
207
230
229
245
217
237
218
238
211
253
246
259
240
229
221
248
244
246
229
236
234
228
230
260
228
227
258
219
238
201
234
254
232
220
211
223
221
202
236
232
216
243
229
256
208
238
224
230
194
238
213
222
199
192
220
218
227
228
216
204
208
219
235
243
218
215
232
234
230
226
193
176
233
259
230
254
221
204
238
230
210
193
231
205
202
214
210
216
202
235
212
218
220
196
211
233
227
192
230
189
218
215
217
218
233
194
209
194
199
217
219
213
208
222
218
222
212
215
218
220
218
199
207
205
205
180
197
190
212
179
221
197
206
211
220
203
190
214
201
231
173
177
214
180
193
215
205
198
202
199
193
188
203
236
195
213
186
207
200
183
204
218
180
189
199
212
197
196
185
193
227
207
205
211
187
190
194
220
206
178
201
180
190
181
187
198
207
203
223
191
192
177
205
187
201
201
197
216
194
180
192
219
211
176
186
176
198
190
179
185
195
169
199
208
171
174
203
194
165
201
206
164
187
219
198
197
159
184
181
192
196
196
190
169
197
182
170
177
179
191
186
197
184
186
190
185
180
174
179
184
167
195
192
180
190
181
156
193
181
167
193
213
168
163
196
145
167
185
160
180
156
174
169
157
195
154
179
209
195
184
157
167
168
173
195
169
177
184
172
175
181
168
158
157
167
174
157
188
171
174
159
153
143
147
179
193
173
141
153
165
166
192
179
173
158
169
162
161
157
168
173
171
174
164
154
157
174
172
167
149
174
158
172
142
185
157
171
150
140
171
166
174
154
141
157
147
185
146
144
163
150
151
148
172
144
175
160
154
178
145
140
156
168
162
163
140
181
132
151
142
140
131
154
148
157
163
160
134
180
141
149
147
160
175
163
158
157
151
182
140
131
155
161
143
162
135
137
144
155
186
158
164
170
130
152
142
150
150
159
154
149
162
145
159
127
141
141
138
151
149
136
152
149
147
136
147
135
144
163
140
143
144
136
159
144
120
144
132
156
144
139
131
140
171
143
141
145
136
139
161
130
135
150
148
141
140
126
116
143
131
141
156
133
121
137
123
133
147
152
141
144
125
135
152
128
142
139
137
127
139
124
162
127
129
126
131
126
122
115
126
139
119
130
139
139
129
138
153
151
126
138
124
134
120
118
130
120
143
127
141
126
123
134
135
109
110
112
114
137
142
141
122
119
123
123
116
121
130
111
129
125
118
136
127
140
134
114
109
136
120
121
134
124
155
112
127
123
133
131
134
129
121
116
134
115
115
119
113
100
110
134
149
121
108
109
102
118
137
114
125
118
123
127
108
96
126
98
115
121
120
123
131
120
116
112
121
129
117
117
121
118
118
132
119
125
131
134
115
107
114
129
102
125
110
129
115
120
109
129
106
112
116
108
106
113
120
111
92
110
120
128
122
139
87
107
119
109
118
113
115
104
103
117
120
102
113
111
98
110
110
121
115
140
105
90
91
101
119
140
118
99
117
93
125
115
106
100
107
107
111
113
98
107
119
109
111
103
107
114
105
124
110
100
103
108
107
122
112
112
92
98
104
111
124
101
115
99
119
118
105
93
88
104
123
121
107
90
109
94
93
95
89
126
105
112
99
101
95
114
100
93
97
81
110
83
103
96
104
77
111
115
93
103
84
104
98
100
100
90
91
119
104
96
88
106
105
106
88
101
120
102
102
80
94
102
89
93
107
124
122
98
89
85
99
87
118
98
109
114
104
93
106
109
94
99
100
112
82
96
87
104
94
85
91
71
93
96
93
99
74
100
112
98
83
96
89
90
83
84
90
96
89
94
100
99
85
76
86
80
103
81
103
99
97
87
85
104
111
88
92
85
100
85
86
81
92
97
87
77
105
97
88
82
86
90
95
103
106
105
79
80
73
76
84
87
96
97
72
88
100
76
95
95
76
81
89
82
75
84
98
88
93
77
97
77
81
97
94
87
110
96
69
67
88
86
91
89
86
90
78
84
83
84
64
84
91
96
64
74
97
90
85
76
97
89
76
70
89
89
92
83
84
88
72
84
77
96
84
71
83
77
76
93
82
85
91
98
83
66
85
93
77
90
82
75
109
80
83
79
77
72
80
78
85
101
92
70
67
66
80
79
88
78
80
80
80
67
85
67
68
88
74
108
73
78
81
94
76
79
84
78
88
82
64
81
72
76
65
100
71
83
80
74
81
63
66
78
73
76
72
69
75
71
84
73
72
71
77
75
77
70
71
72
87
71
74
86
77
75
102
76
78
65
69
65
69
72
61
75
83
70
95
70
58
72
74
73
61
76
77
74
80
72
89
68
80
71
76
68
69
72
85
77
68
70
65
61
62
60
73
65
64
81
68
70
71
70
75
78
67
79
73
76
82
61
84
82
78
66
70
74
65
75
83
56
97
66
71
74
74
72
69
67
66
72
61
76
79
65
97
66
66
71
64
64
65
76
62
69
70
60
69
67
65
78
83
67
60
63
69
57
72
63
79
73
65
69
79
63
75
65
65
71
62
74
71
51
67
60
72
59
57
72
65
62
69
78
71
59
67
66
64
54
52
58
69
55
71
65
65
51
50
70
65
83
61
70
71
76
71
69
64
65
65
70
62
74
74
66
67
54
61
80
67
64
60
64
68
61
56
70
53
61
66
45
54
59
68
68
69
67
55
72
57
58
68
64
62
68
59
53
59
70
55
59
64
65
59
52
62
70
73
62
64
63
54
50
64
49
63
57
54
66
70
60
75
59
54
54
67
67
73
72
67
61
69
62
48
73
54
72
64
52
54
56
49
57
53
58
51
54
67
45
48
59
52
72
62
59
55
49
50
82
56
43
63
56
56
54
65
51
61
68
56
60
59
70
56
59
41
50
61
63
62
60
62
64
52
60
46
51
59
62
51
50
58
59
46
59
46
48
53
67
53
57
58
58
60
54
61
52
63
65
42
54
61
54
45
64
55
53
69
60
51
64
53
43
48
48
59
70
56
39
44
53
66
58
54
64
71
59
43
68
54
42
48
50
53
58
39
35
57
45
46
60
49
48
61
41
47
51
61
62
54
60
58
56
52
56
52
46
49
50
53
55
41
49
51
48
62
45
46
54
58
57
48
53
50
52
34
54
51
45
47
39
59
57
45
40
54
47
57
63
55
45
55
59
51
49
59
51
54
59
53
50
49
38
48
46
59
44
59
40
57
48
43
63
50
41
50
39
44
52
39
51
54
48
48
51
54
44
34
48
45
42
58
40
47
58
48
37
45
55
41
49
52
41
64
71
40
44
47
58
49
57
50
47
35
52
51
42
55
37
56
47
55
39
51
43
58
47
56
38
51
42
48
52
57
39
47
40
48
58
56
43
36
37
48
51
54
47
37
42
45
53
38
49
44
56
48
46
42
56
44
48
61
44
36
40
49
38
38
53
44
56
43
49
45
48
39
41
52
47
37
48
57
51
43
41
54
43
39
44
57
54
44
50
54
30
37
43
37
51
35
59
42
47
49
51
38
45
42
45
44
34
41
40
43
38
49
46
50
36
43
40
41
36
40
52
52
45
30
42
46
53
39
46
36
50
45
35
48
40
45
49
37
48
53
43
39
43
28
49
39
41
37
32
42
41
46
41
46
51
38
48
42
49
37
53
36
39
39
48
39
42
43
35
43
48
40
51
31
46
33
52
31
45
41
36
32
45
40
34
23
26
37
32
51
47
39
41
46
34
44
38
45
44
27
41
45
30
44
39
42
40
36
44
49
42
32
44
38
49
47
45
40
60
38
25
39
38
38
44
32
40
39
38
39
49
53
36
33
42
34
32
51
39
36
38
42
35
36
50
34
44
42
39
44
40
34
26
37
32
36
41
36
27
42
40
42
39
34
49
45
55
33
39
47
25
40
37
30
27
42
37
35
32
43
34
26
28
36
28
34
30
28
42
35
33
31
40
33
36
31
31
40
38
35
30
24
31
40
30
38
46
40
38
29
41
37
41
33
36
28
32
37
37
41
30
30
31
34
29
29
25
33
34
31
32
38
30
34
27
34
29
35
39
42
33
32
37
35
30
32
39
36
36
35
30
33
38
42
44
29
34
38
28
35
20
29
30
43
28
32
34
28
31
45
25
29
37
29
32
25
33
42
32
31
29
41
37
39
39
29
34
28
30
36
35
29
46
33
38
29
30
37
34
33
32
33
35
32
37
32
24
39
24
22
33
39
27
31
20
27
32
40
48
22
24
29
30
37
29
31
39
36
39
37
37
23
30
37
25
31
33
30
30
29
26
30
39
30
40
28
31
39
40
19
35
24
27
22
37
24
27
30
26
30
36
36
26
25
24
27
30
24
22
30
34
24
34
25
38
34
21
29
24
35
22
25
30
25
21
31
22
26
25
28
30
28
28
26
32
25
27
33
24
21
25
25
17
22
28
32
28
19
22
20
29
23
35
27
24
29
22
19
28
23
24
24
23
21
26
28
29
22
19
40
35
31
21
24
29
23
23
19
31
32
45
23
27
42
33
32
25
32
25
17
22
22
30
21
22
27
17
27
30
22
33
32
30
23
32
37
22
18
36
27
21
23
25
20
26
33
20
31
34
29
29
26
29
28
21
31
37
18
18
22
39
24
36
22
22
26
31
24
26
28
25
18
22
30
36
20
16
24
24
23
21
28
25
27
19
21
22
25
19
15
35
20
32
22
22
26
20
34
22
25
28
28
22
20
31
29
21
18
15
29
39
33
21
32
24
17
27
40
26
23
23
16
18
20
26
22
29
22
30
23
14
27
21
20
23
20
19
20
28
22
27
26
14
16
25
24
17
29
28
28
21
22
18
23
23
22
17
17
17
19
32
23
29
21
20
29
19
22
12
34
14
22
15
18
23
30
18
22
15
17
27
25
24
22
18
22
21
22
28
22
26
21
29
26
28
24
18
16
25
23
24
23
28
17
29
26
16
19
20
14
27
18
20
20
16
15
24
19
21
13
17
17
17
20
20
21
12
22
11
18
22
22
24
24
8
30
26
16
19
19
17
21
17
20
22
13
13
24
16
16
28
10
11
16
14
18
23
15
16
19
18
18
19
10
16
14
21
19
11
24
26
13
17
18
19
20
19
15
19
13
17
15
17
25
25
17
24
16
17
24
17
25
26
15
19
16
16
22
26
18
14
18
15
23
18
23
22
21
21
13
21
14
23
13
13
19
16
17
25
23
13
16
27
15
16
16
15
15
18
14
12
16
17
17
15
18
22
16
16
13
15
15
19
9
16
17
23
17
22
15
19
12
8
10
17
16
23
20
16
17
18
23
11
14
10
15
19
17
15
13
10
18
23
10
22
15
25
9
19
12
10
11
15
20
18
18
19
18
17
12
12
18
9
14
17
18
12
11
18
14
19
24
15
13
13
17
9
10
7
10
22
13
16
10
12
7
17
9
19
17
10
10
22
14
12
15
10
17
10
16
21
11
14
16
13
16
13
14
14
16
14
10
16
18
15
8
20
15
13
8
14
15
14
14
12
7
14
14
15
9
14
19
16
14
14
17
16
14
11
12
12
17
15
14
18
16
17
14
9
15
10
15
15
15
10
17
11
11
9
13
9
8
11
14
11
10
8
6
13
17
13
17
12
18
10
9
14
11
15
13
9
10
12
10
11
10
7
9
13
8
16
11
12
15
12
11
7
10
14
13
10
12
13
7
10
10
9
14
10
15
21
14
18
8
14
11
7
11
17
10
12
11
13
19
14
14
14
14
15
8
8
27
9
12
13
10
8
10
11
13
9
19
16
7
18
7
7
12
11
12
16
13
11
10
11
12
14
12
7
3
10
11
13
12
13
12
13
14
9
14
14
10
11
10
8
17
14
15
12
15
9
4
14
11
6
6
9
7
14
11
5
12
12
4
5
10
15
8
6
10
13
7
10
7
9
9
4
9
11
9
10
10
12
13
7
8
5
13
13
5
6
8
8
10
13
7
14
9
5
14
14
5
7
13
5
5
7
11
11
18
7
9
9
7
3
7
7
9
15
5
4
11
7
8
12
9
8
4
6
10
3
5
12
9
11
11
8
6
9
10
7
11
8
14
7
9
10
11
7
10
12
10
10
6
10
11
9
12
9
10
8
11
6
6
4
13
11
10
11
12
12
6
5
10
16
6
11
15
9
12
8
10
7
6
9
4
7
7
9
10
11
10
6
8
11
10
5
8
4
12
2
5
8
10
7
7
7
9
6
13
5
5
2
8
7
7
6
5
7
5
6
8
8
6
5
5
7
6
8
10
9
15
8
8
9
14
10
6
6
8
8
5
10
11
7
3
9
4
9
5
9
15
3
7
8
5
7
5
5
9
8
9
8
5
5
10
8
9
7
8
8
9
10
7
6
9
7
6
10
5
3
6
9
5
7
10
5
5
3
6
6
6
9
5
3
10
8
2
4
13
9
4
2
5
5
3
5
11
8
2
6
8
7
8
7
10
8
4
9
9
10
5
5
3
6
12
5
9
5
4
3
5
9
5
5
8
3
5
7
7
5
4
8
4
5
3
3
2
1
7
4
6
4
2
3
3
5
8
10
4
3
3
7
4
6
2
7
4
4
5
10
5
4
12
4
6
8
7
5
6
6
7
2
8
6
7
2
7
4
3
4
8
2
5
3
5
4
6
3
5
5
6
2
7
10
4
5
2
6
6
5
5
12
5
6
4
5
5
4
5
2
2
4
3
6
8
4
4
1
7
2
6
6
3
5
6
3
5
7
7
4
9
5
6
2
4
3
4
6
4
2
7
2
0
5
3
2
4
5
8
6
1
4
7
4
6
2
3
4
5
6
6
4
4
3
4
3
6
5
6
3
5
2
3
7
2
4
5
4
3
6
5
6
3
4
3
3
4
2
5
6
1
2
4
4
6
2
3
3
2
5
3
6
2
3
5
1
1
3
7
6
4
4
3
1
5
1
3
4
1
2
3
3
3
6
4
2
6
5
3
3
4
2
5
2
4
3
2
4
2
5
1
4
2
1
2
2
7
2
4
1
5
3
3
2
1
2
1
6
1
4
0
5
4
1
3
6
8
5
3
5
3
3
3
6
2
1
3
0
7
2
2
0
4
5
3
3
2
5
2
4
2
2
2
1
0
7
6
2
0
2
3
7
1
3
8
6
6
6
6
1
3
2
0
2
4
5
2
2
4
6
5
1
4
1
1
6
5
4
1
4
5
0
4
6
4
2
1
4
3
1
3
3
6
3
5
3
1
3
4
6
5
1
2
3
4
4
2
6
1
1
2
2
5
3
0
1
3
3
2
1
3
4
5
1
2
3
1
1
3
0
4
2
2
0
4
4
1
2
3
1
2
3
0
6
1
0
4
1
1
6
3
3
6
1
6
5
6
1
1
3
3
4
3
1
3
3
4
1
2
1
4
0
1
3
4
0
4
2
3
4
4
0
1
5
4
1
2
4
2
1
1
2
3
3
0
1
3
1
0
1
3
2
2
2
3
1
1
3
3
5
5
3
3
2
1
2
1
1
0
1
2
1
0
1
4
2
4
3
4
3
5
1
1
1
3
3
2
0
0
0
0
0
2
2
2
1
1
1
2
1
0
3
3
2
2
1
0
1
4
0
4
1
1
4
1
0
1
2
3
3
4
1
1
2
3
3
3
1
1
1
0
3
1
3
3
1
2
3
1
0
0
1
1
1
1
1
4
5
1
7
0
3
2
2
2
2
0
3
1
1
1
0
3
1
2
2
1
4
2
2
3
1
1
1
0
1
0
1
2
1
2
1
3
2
1
1
2
1
2
1
2
2
2
4
2
2
1
1
1
0
0
2
0
2
1
1
1
1
1
0
0
0
3
2
2
1
0
1
2
1
1
4
2
0
1
0
1
1
0
3
0
3
0
0
0
1
1
2
4
2
3
2
1
1
1
2
1
0
0
3
1
0
2
0
1
0
2
2
1
1
2
1
0
0
0
1
2
0
1
0
2
0
1
2
0
2
1
1
0
2
0
0
2
4
2
2
0
1
3
0
0
2
1
2
0
2
2
1
1
0
0
1
1
2
2
0
0
2
0
0
0
2
0
1
1
1
0
1
2
1
4
1
1
3
3
1
1
0
1
1
1
1
1
0
2
1
0
1
0
0
0
2
0
0
1
1
1
1
2
1
0
0
1
1
0
0
1
1
3
2
1
2
2
2
1
0
1
0
1
0
1
2
1
1
0
1
1
0
0
5
0
0
2
1
0
0
2
2
0
0
0
1
1
1
3
1
0
0
0
0
1
1
0
0
1
0
2
1
0
0
0
1
0
1
1
0
0
1
1
0
0
0
0
1
1
1
0
2
2
0
4
0
2
0
0
0
1
1
0
0
2
0
0
0
1
1
1
0
0
0
1
2
1
1
0
0
0
1
0
0
1
2
1
1
0
2
1
0
0
1
0
0
0
0
0
0
0
0
1
1
2
3
2
0
1
0
0
1
0
0
2
0
1
0
2
1
0
1
1
1
0
2
0
0
0
0
1
1
1
0
2
1
0
1
0
0
1
1
1
0
1
0
0
2
1
0
1
0
1
0
0
1
1
0
0
0
2
2
0
0
0
0
1
1
1
0
0
0
2
0
0
0
1
0
0
0
0
1
0
0
0
0
0
1
0
1
1
0
3
0
0
0
1
2
1
1
1
0
1
1
1
1
0
2
1
1
0
0
0
1
1
1
1
0
0
0
1
1
0
0
0
0
1
1
0
0
0
1
0
0
0
1
0
1
1
0
0
0
0
0
0
0
1
1
0
1
1
0
0
0
0
0
0
0
0
1
0
1
0
0
1
0
0
0
0
0
0
1
0
0
0
0
0
1
0
2
0
1
1
1
0
0
1
0
0
2
0
0
0
0
1
0
0
0
0
0
0
0
1
0
0
0
2
0
0
0
1
0
0
0
1
0
0
0
0
0
0
1
0
0
0
1
1
1
0
0
0
0
0
1
1
1
0
0
0
1
1
0
0
1
0
0
0
0
0
0
0
0
0
1
0
0
0
0
0
1
0
1
1
0
0
0
0
1
0
0
0
0
0
0
0
0
1
0
0
0
0
0
0
0
1
0
0
0
1
0
0
0
0
1
0
0
0
1
0
0
0
0
0
0
0
1
0
0
2
0
1
0
0
0
0
0
0
0
0
0
0
0
0
0
0
1
0
0
1
0
0
0
0
0
0
2
0
0
0
0
0
0
0
1
0
0
0
0
2
0
1
0
0
0
1
0
0
0
0
0
0
0
0
0
0
0
1
1
0
0
0
1
0
1
0
1
0
0
0
0
0
0
0
0
0
0
0
0
0
1
0
0
1
0
0
0
0
0
0
0
0
0
0
0
0
0
0
0
0
0
0
0
0
0
0
0
0
0
1
1
1
0
1
0
0
0
0
0
0
0
0
0
0
0
3
0
0
0
0
1
0
0
1
0
0
1
0
0
0
0
1
0
0
0
0
0
1
0
0
1
0
0
0
1
0
0
0
0
0
0
0
0
0
0
0
0
0
0
0
0
1
0
0
0
0
0
0
0
0
0
0
1
0
0
1
0
0
0
0
0
0
0
0
0
1
0
0
0
0
0
0
0
0
1
0
0
0
0
1
1
0
0
0
0
1
0
0
0
0
0
0
0
0
0
0
0
0
0
0
0
0
0
0
1
0
0
0
0
0
0
1
0
0
0
0
0
0
1
0
0
0
0
0
0
0
1
0
0
0
1
1
0
0
0
1
1
0
0
0
0
1
0
0
0
0
0
0
0
0
0
0
0
0
0
0
1
0
0
0
0
0
0
0
0
0
1
0
1
0
1
0
0
0
0
0
0
0
0
0
1
0
0
0
0
0
0
0
0
0
0
0
0
0
0
0
0
0
0
0
0
0
0
0
0
0
0
0
0
0
0
0
0
0
0
0
0
0
0
0
1
0
0
0
0
0
0
0
0
0
1
0
0
0
1
0
0
0
0
0
0
0
0
0
0
0
0
1
0
0
0
0
0
0
0
0
0
0
0
0
0
0
0
0
0
0
0
0
0
0
0
0
0
0
0
0
0
0
0
0
0
0
0
0
0
0
0
1
0
0
0
0
0
0
0
0
0
0
0
1
0
0
0
0
0
0
0
0
0
0
0
0
0
0
0
0
0
1
0
0
0
0
0
0
0
0
0
0
0
0
0
0
0
0
0
0
0
0
0
0
0
1
0
0
0
0
0
0
0
0
0
0
0
0
0
0
0
0
0
0
0
0
0
0
0
0
0
0
0
0
1
0
0
0
0
0
0
0
0
0
0
0
0
0
0
0
0
0
0
0
0
0
0
0
0
0
0
0
0
0
0
0
0
0
0
0
0
0
0
0
0
0
0
0
0
0
0
1
0
0
0
0
0
0
0
0
0
0
0
0
0
0
0
0
0
0
0
0
0
0
0
0
0
0
0
0
0
0
0
0
0
0
1
1
0
0
0
0
0
0
0
0
0
0
0
0
0
0
0
0
0
0
0
0
0
0
0
0
0
0
0
0
0
0
0
0
1
0
0
0
0
0
0
0
0
0
0
0
0
0
0
0
0
0
0
0
0
1
0
0
0
0
0
1
0
0
0
0
0
0
0
0
0
0
0
0
0
0
0
0
0
0
0
0
0
0
0
1
0
0
0
0
0
0
0
1
0
0
0
0
0
0
0
0
0
0
0
0
0
0
0
0
0
0
0
0
0
1
0
0
0
0
0
0
0
0
0
0
0
0
0
0
0
0
0
0
0
0
0
0
0
0
0
0
0
0
0
0
0
0
0
0
1
0
0
0
0
0
0
0
0
0
0
0
0
0
0
0
0
0
0
0
0
0
0
0
0
0
0
0
0
0
0
0
0
0
1
0
0
0
0
0
1
0
0
0
0
1
0
0
0
0
0
0
0
0
0
0
0
0
0
0
0
0
0
0
0
0
0
0
1
0
0
0
0
0
1
0
0
0
0
0
0
0
0
0
0
0
0
0
0
0
0
0
0
0
0
0
0
0
0
0
0
0
0
0
0
0
0
0
0
0
0
0
0
1
0
0
0
0
0
0
0
1
0
0
0
0
0
0
0
0
0
0
0
0
0
0
0
0
0
0
0
0
0
0
0
0
0
0
0
0
0
0
0
0
0
0
0
0
0
0
0
0
0
0
0
0
0
0
0
0
0
0
0
0
0
0
0
0
0
0
0
0
0
0
0
0
0
0
0
0
0
0
0
0
0
0
0
0
0
0
0
0
0
0
0
0
0
0
0
0
0
0
0
0
0
0
0
0
0
0
0
0
0
0
0
0
0
0
0
0
0
0
0
0
0
0
0
0
0
0
0
0
0
0
0
0
0
0
0
0
0
0
0
0
0
0
0
0
0
0
0
0
0
0
0
0
0
0
0
0
0
0
0
0
0
0
0
0
0
0
0
0
0
0
0
0
0
0
0
0
0
0
0
0
0
0
0
0
0
0
0
0
0
0
0
0
0
0
0
0
0
0
0
0
0
0
0
0
0
0
0
0
0
0
0
0
0
0
0
0
0
0
0
0
0
0
0
0
0
0
0
0
0
0
0
0
0
0
0
0
0
0
0
0
0
0
0
0
0
0
0
0
0
0
0
0
0
0
0
0
0
0
0
0
0
0
0
0
0
0
0
0
0
0
0
0
0
0
0
0
0
1
0
0
0
0
0
0
0
0
0
0
0
0
0
0
0
0
0
0
0
0
0
0
0
0
0
0
0
0
0
0
0
0
0
0
0
0
0
0
0
0
0
0
0
0
0
0
0
0
0
0
0
0
0
0
0
0
0
0
0
0
0
0
0
0
0
0
0
0
0
0
0
0
0
0
0
0
0
0
0
0
0
0
0
0
0
0
0
0
0
0
0
0
0
0
0
0
0
0
0
0
0
0
0
0
0
0
0
0
0
0
0
0
0
0
0
0
0
0
<<END>>
<<DP5 CONFIGURATION>>
RESC=?;    Reset Configuration
PURE=OFF;    PUR Interval On/Off
MCAS=NORM;    MCA Source
MCAC=8192;    MCA/MCS Channels
SOFF=OFF;    Set Spectrum Offset
GAIA=2;    Analog Gain Index
PDMD=NORM;    Peak Detect Mode (Min/Max)
THSL=0.012;    Slow Threshold
TLLD=OFF;    LLD Threshold
GATE=HI;    Gate Control
AUO1=PEAKH;    AUX_OUT Selection
PRER=OFF;    Preset Real Time
PREL=OFF;    Preset Live Time
PREC=OFF;    Preset Counts
PRCL=0;    Preset Counts Low Threshold
PRCH=8191;    Preset Counts High Threshold
SCOE=RI;    Scope Trigger Edge
SCOT=12;    Scope Trigger Position
SCOG=4;    Digital Scope Gain
MCSL=0;    MCS Low Threshold
MCSH=8191;    MCS High Threshold
MCST=0.01;    MCS Timebase
AUO2=ICR;    AUX_OUT2 Selection
GPED=RI;    G.P. Counter Edge
GPIN=AUX2;    G.P. Counter Input
GPME=ON;    G.P. Counter Uses MCA_EN?
GPGA=ON;    G.P. Counter Uses GATE?
GPMC=ON;    G.P. Counter Cleared With MCA Counters?
MCAE=OFF;    MCA/MCS Enable
PDMD=NORM;
<<DP5 CONFIGURATION END>>
<<DPP STATUS>>
Device Type: MCA8000D
Serial Number: 1319
Firmware: 6.09  Build:  0
FPGA: 1.08
Slow Count: 8251517
GP Count: 0
Real Time: 33886.183000
Live Time: 2.700000
Board Temp: 38°C
<<DPP STATUS END>>
