<<PMCA SPECTRUM>>
TAG - live_data
DESCRIPTION - 
GAIN - 5
THRESHOLD - 0
LIVE_MODE - 0
PRESET_TIME - 0
LIVE_TIME - 0.160000
REAL_TIME - 0.973000
START_TIME - 09/17/2019 10:05:02
SERIAL_NUMBER - 0
<<DATA>>
0
0
192
332
510
511
509
452
423
375
338
345
340
320
316
320
297
269
252
274
249
243
223
240
198
181
200
174
158
135
132
139
113
104
85
86
84
61
78
66
62
42
37
40
35
30
33
20
15
21
22
30
23
15
20
13
16
14
9
14
17
20
15
13
9
11
9
5
13
9
10
14
9
9
15
13
14
6
15
14
14
9
13
15
17
18
13
13
12
22
21
19
23
21
17
39
36
27
31
29
37
47
66
63
54
70
65
63
89
84
90
114
106
107
123
115
129
134
156
135
146
152
161
144
185
195
164
181
153
223
206
213
209
182
246
202
230
222
233
266
268
265
259
298
272
302
302
284
292
337
370
360
355
364
356
355
346
374
385
362
362
409
361
426
418
419
410
411
430
458
438
447
449
457
446
407
520
529
484
472
502
496
515
477
544
504
513
527
541
544
529
557
535
572
541
537
538
567
588
557
569
559
560
614
620
539
615
594
592
587
605
620
610
602
588
597
662
610
608
648
613
628
590
644
641
598
585
615
602
619
589
670
642
618
641
616
668
642
665
610
661
593
657
704
670
656
651
688
613
620
656
636
658
657
656
646
648
652
633
695
622
698
598
620
641
644
608
627
647
584
633
628
624
624
631
663
628
652
612
657
712
600
632
652
608
667
633
638
660
700
656
612
630
633
606
601
615
625
609
642
601
622
632
635
636
614
625
625
595
595
611
576
634
624
653
653
593
653
585
628
572
625
607
633
653
597
591
646
599
576
592
580
590
604
617
555
591
583
544
572
647
597
581
568
583
572
572
593
556
539
594
576
585
589
565
535
596
595
576
559
622
577
598
559
558
571
587
603
551
589
611
581
568
594
594
550
561
573
567
564
577
559
558
574
561
592
544
574
593
577
593
579
566
571
561
580
534
555
573
554
529
556
514
598
587
554
584
584
576
534
563
549
580
523
571
540
568
540
508
559
556
562
544
529
535
515
551
544
496
527
504
488
548
535
589
539
527
547
531
565
545
586
564
544
526
528
537
562
532
545
530
511
520
539
575
507
565
551
542
495
512
532
534
515
540
534
521
508
542
493
501
492
537
522
529
538
494
556
498
489
483
526
520
509
527
533
514
508
513
466
553
557
521
479
487
493
508
477
501
498
494
471
523
502
515
482
507
505
511
477
505
497
494
514
473
476
500
460
500
504
532
510
487
514
488
473
503
524
511
499
507
458
488
540
458
486
480
518
501
498
473
517
458
525
508
476
447
489
495
475
495
506
516
475
466
514
499
472
497
468
454
482
456
470
489
467
459
459
490
473
474
481
449
505
441
449
455
501
507
430
471
450
458
434
471
464
476
444
479
436
456
450
456
466
453
456
456
493
459
473
452
469
459
442
485
455
447
438
491
462
428
425
439
494
460
459
402
436
452
436
457
386
452
460
406
421
429
441
459
435
425
407
419
480
422
427
442
434
439
427
410
409
417
434
410
407
393
456
397
426
442
454
443
438
423
425
432
402
407
419
406
419
426
409
445
479
395
401
426
427
382
439
398
422
410
403
419
394
408
405
416
368
398
401
408
409
380
403
354
439
392
409
412
390
404
409
410
404
408
393
391
386
402
409
366
384
394
380
405
399
398
384
374
386
407
401
395
366
398
389
375
382
406
406
353
380
381
369
387
375
346
344
361
392
351
346
378
356
390
368
375
375
371
380
371
362
370
373
347
379
369
353
374
382
370
355
408
370
335
355
393
341
357
346
356
349
357
336
336
351
350
359
321
383
323
343
358
387
360
328
358
328
318
328
286
339
356
356
345
342
324
328
308
316
353
317
351
343
325
339
303
296
350
335
362
324
327
309
320
315
340
322
326
316
278
315
325
320
314
342
335
275
317
325
323
326
313
329
310
331
315
294
325
274
344
297
307
331
289
299
321
288
292
309
327
311
314
270
276
296
299
284
321
319
291
316
271
299
262
297
293
257
279
266
269
254
256
257
271
264
283
282
275
276
297
287
263
254
272
288
267
309
293
293
272
264
297
271
249
297
266
263
298
278
307
260
296
274
248
267
257
240
267
244
259
239
264
263
266
248
278
278
280
260
283
267
277
255
235
241
244
256
256
258
274
256
241
233
229
271
248
270
251
260
250
213
243
238
234
247
243
218
226
236
241
246
237
250
236
248
236
246
272
250
207
257
271
237
233
266
242
204
237
204
222
216
210
214
218
220
231
194
232
202
208
215
211
230
221
219
203
184
226
210
190
210
229
230
221
224
201
200
215
220
202
213
198
182
188
203
222
191
216
178
209
199
200
191
218
205
216
204
203
212
225
209
194
221
210
190
200
191
175
168
187
178
181
202
190
209
196
185
213
180
198
188
199
185
194
197
196
188
192
200
206
202
162
191
176
166
198
195
165
177
186
177
175
193
179
180
191
186
161
165
155
194
196
182
165
169
167
191
177
189
175
188
170
168
156
148
187
177
173
162
146
172
145
148
176
179
178
188
162
175
161
160
182
162
164
164
163
181
131
184
169
161
156
165
182
175
142
159
153
157
155
148
132
174
152
165
141
160
160
159
168
164
141
137
147
145
138
149
152
145
136
131
147
146
160
143
151
157
119
161
126
151
137
135
154
146
152
156
142
152
140
154
148
144
136
150
156
150
144
170
117
119
150
146
132
136
133
129
132
127
140
136
145
126
141
122
123
143
151
136
143
129
136
125
133
128
133
119
122
116
149
153
126
137
136
110
115
108
135
132
131
127
118
141
116
123
133
106
103
122
125
123
117
116
137
121
137
131
116
122
125
129
117
126
127
126
134
126
114
124
122
127
114
114
103
103
125
115
105
128
131
120
124
119
127
124
102
111
135
101
125
110
121
116
126
122
97
119
113
106
142
122
101
115
89
106
118
92
104
110
108
92
103
109
81
94
106
93
106
115
102
96
88
97
78
99
100
89
108
94
94
85
112
112
93
90
95
99
78
98
115
115
105
96
101
105
100
93
105
83
86
104
94
110
100
92
100
99
93
92
102
93
91
104
93
105
102
96
88
86
89
85
79
99
91
92
103
87
86
101
118
81
103
78
74
95
86
79
70
93
93
84
88
81
89
95
78
96
77
80
74
73
84
84
92
87
70
97
79
61
94
93
91
67
102
77
76
99
92
93
75
81
83
91
81
77
86
82
89
68
71
72
82
84
89
73
81
87
62
76
79
84
82
76
80
82
94
66
82
82
81
79
76
72
78
71
74
97
76
76
81
87
82
66
76
63
70
87
74
77
66
63
67
65
79
63
78
82
62
73
69
60
67
68
96
98
65
77
74
82
64
75
77
72
72
71
74
64
86
86
81
62
68
62
70
68
72
73
75
67
72
63
70
65
57
54
71
70
68
52
78
68
60
70
75
74
73
57
64
66
75
74
65
70
68
71
65
74
70
65
88
66
64
49
58
82
54
71
69
60
65
71
86
55
52
74
65
63
58
55
66
68
60
61
74
62
63
54
54
78
64
52
65
74
65
48
62
51
60
56
64
57
66
54
61
61
52
59
57
54
69
51
61
56
66
64
56
40
50
56
58
45
61
61
54
45
60
49
61
68
52
65
66
52
53
56
52
44
60
59
52
64
61
42
54
45
58
64
44
59
53
56
54
56
65
46
59
59
61
52
50
48
42
54
71
47
50
51
60
31
48
63
50
43
56
58
55
55
61
51
53
46
55
48
57
54
56
60
41
46
50
59
45
56
43
48
56
53
41
42
44
56
42
43
53
48
49
49
38
51
49
43
36
45
46
54
57
50
37
51
38
51
54
32
40
45
44
43
47
41
53
34
47
60
40
45
55
47
52
41
47
48
52
49
48
53
35
49
55
40
44
51
38
45
48
43
43
46
43
47
43
49
49
43
42
45
45
60
37
47
51
51
41
49
38
45
44
33
44
39
36
39
40
37
41
42
44
27
33
42
47
33
42
41
41
41
33
39
40
35
39
37
39
33
51
49
58
35
45
34
42
36
40
32
36
31
38
45
41
47
31
49
47
30
34
39
37
45
32
47
41
38
38
40
38
38
47
46
38
35
49
41
44
50
37
41
37
41
27
34
40
30
30
42
42
29
35
41
43
40
43
43
40
38
30
33
41
46
38
33
31
28
35
30
38
38
39
43
32
38
35
41
31
34
30
32
43
39
30
25
30
25
43
39
37
40
29
32
35
36
36
38
33
27
35
39
49
37
28
33
28
41
31
37
40
40
39
32
34
36
41
31
29
24
32
29
31
46
31
36
33
37
36
34
27
32
32
39
36
33
34
32
34
27
30
25
29
30
21
31
29
30
26
32
26
32
26
27
35
23
40
33
27
25
28
39
26
29
33
24
46
35
40
32
28
28
33
31
33
36
24
26
34
39
22
32
39
34
30
32
33
36
26
30
19
19
32
35
34
22
26
31
26
31
33
32
22
24
17
24
32
19
32
29
28
25
31
35
28
25
32
32
36
30
29
33
29
37
22
30
20
35
27
24
28
26
34
24
25
18
27
27
30
26
27
28
30
27
28
28
30
24
29
30
19
31
29
28
26
24
26
18
25
30
33
28
34
26
24
32
20
24
24
23
24
30
22
26
37
31
19
28
28
19
20
23
18
28
33
20
27
25
24
25
35
22
23
30
26
29
28
25
33
22
24
23
29
21
28
25
19
33
31
16
25
16
26
28
26
21
28
22
27
16
33
29
20
28
25
23
27
31
25
32
25
38
12
19
22
17
21
24
26
34
19
22
18
20
20
21
23
27
24
17
19
16
17
22
34
24
22
28
28
23
20
34
30
31
23
31
28
19
29
21
23
24
28
23
19
23
22
28
28
24
16
18
25
21
27
25
19
22
29
30
27
23
23
30
22
25
24
25
25
26
33
13
21
22
27
25
16
20
21
19
25
26
27
28
18
38
23
28
31
28
24
23
18
20
12
20
24
26
22
23
22
23
19
21
29
27
19
19
23
22
19
16
21
13
16
15
17
29
14
17
26
21
24
28
22
24
28
20
25
23
23
23
21
21
18
21
20
15
20
21
16
21
24
26
23
18
15
24
24
14
22
26
16
24
18
28
20
17
21
18
25
16
23
18
16
21
11
28
30
22
21
23
17
23
30
17
19
22
24
16
17
20
24
30
19
17
14
28
20
22
14
32
22
23
14
27
19
16
22
23
27
25
20
19
19
17
17
20
21
19
28
26
19
17
14
24
16
17
21
18
17
26
19
31
24
20
20
23
30
22
20
20
16
17
22
24
14
14
19
18
19
16
21
21
16
21
14
22
25
18
19
21
20
16
18
18
21
18
23
22
19
15
17
22
21
20
16
23
21
18
20
24
17
14
30
24
15
17
18
14
16
21
18
21
23
17
18
24
19
21
17
14
21
19
21
20
8
16
16
21
24
28
27
18
11
13
15
15
18
19
21
17
17
24
14
28
14
14
17
24
12
15
21
16
20
23
19
30
18
20
16
23
19
8
19
18
22
8
25
10
20
17
17
21
21
24
18
18
16
18
14
9
14
16
18
14
28
24
12
14
12
16
15
14
15
16
21
14
18
16
18
18
19
21
17
14
17
17
16
10
11
13
9
16
11
16
20
13
22
13
12
12
9
20
18
16
9
16
16
20
15
17
13
20
16
14
21
17
17
17
16
14
13
16
16
13
19
14
10
17
19
13
15
13
17
26
12
15
17
16
19
17
10
15
13
18
16
10
11
12
13
16
12
14
22
9
26
15
11
14
19
17
10
10
20
15
21
16
19
19
12
17
11
15
9
18
14
17
12
15
19
26
20
19
18
14
15
27
17
16
16
17
13
20
13
21
15
14
18
11
29
10
13
21
15
18
15
9
10
20
11
15
29
22
20
24
15
13
17
11
12
18
14
14
8
16
20
14
8
12
15
8
17
11
18
9
16
17
16
13
13
13
11
16
9
12
9
20
13
12
17
11
16
13
21
13
19
13
14
12
16
10
11
10
11
16
17
12
12
14
17
17
19
17
9
12
12
14
14
16
19
11
10
15
10
14
18
18
19
8
12
12
13
12
17
13
11
14
13
10
12
14
13
11
11
6
17
8
7
11
5
11
14
15
13
14
9
19
12
16
14
12
18
12
15
8
14
16
16
19
14
5
7
12
13
7
12
23
14
15
16
14
8
11
16
10
21
13
22
11
16
14
16
6
8
7
13
16
15
12
17
13
12
11
14
13
13
10
9
25
13
10
16
9
10
15
10
20
7
12
15
14
10
13
13
13
14
14
11
10
9
8
19
10
11
18
14
11
17
14
9
10
15
10
14
13
11
11
9
14
12
16
12
10
12
15
7
14
12
15
8
10
13
20
13
13
12
9
17
13
12
18
10
7
14
15
14
14
18
8
5
15
11
18
12
15
13
19
17
12
13
15
13
10
13
13
13
10
7
13
14
8
16
12
22
11
13
15
8
13
21
10
11
14
10
11
9
17
13
5
13
10
12
13
14
6
11
7
9
21
17
5
8
10
12
11
16
15
9
13
14
13
21
21
13
14
11
16
6
15
15
10
12
7
12
17
13
20
16
10
9
12
14
11
15
15
13
18
8
13
10
14
9
10
9
8
11
6
17
16
17
11
8
10
12
10
15
8
16
16
9
10
9
11
11
14
18
15
11
11
8
13
8
12
11
15
9
8
12
13
14
10
16
7
16
12
8
5
7
8
11
11
8
11
11
10
13
6
6
9
10
11
10
10
6
12
7
12
16
15
13
9
17
12
5
7
6
6
10
13
10
6
7
6
16
12
8
10
14
18
12
12
8
9
10
5
9
14
6
5
6
9
13
3
11
12
8
10
9
13
13
8
8
11
10
11
10
11
10
7
14
9
12
7
6
10
12
11
8
12
5
9
7
7
10
8
14
13
12
8
7
12
13
8
7
14
7
7
10
8
8
9
8
5
11
3
7
13
9
15
15
11
10
9
11
17
12
9
9
5
12
9
10
9
9
12
13
10
14
4
7
4
17
5
8
11
7
14
10
4
11
3
8
11
14
9
14
9
9
8
5
13
7
8
6
10
9
7
16
15
10
6
8
5
7
12
5
9
9
8
8
6
4
5
12
10
5
3
7
6
16
9
11
11
5
10
12
10
12
12
10
6
7
7
7
9
8
6
7
13
21
9
7
17
7
2
8
8
3
9
7
7
8
8
9
12
13
9
5
9
9
4
10
8
6
19
9
9
9
11
5
8
8
6
2
8
7
12
5
8
5
6
13
8
7
12
6
12
4
12
5
17
11
4
9
14
7
6
8
11
8
7
10
10
10
11
7
7
14
8
9
4
13
10
12
13
18
9
7
12
8
7
7
8
11
8
4
6
4
5
8
5
6
8
8
4
10
8
6
7
6
6
5
7
7
9
8
4
13
11
5
10
5
10
7
7
8
7
7
7
7
7
9
7
9
4
7
11
6
9
11
8
5
7
6
9
4
8
9
6
7
10
5
7
11
5
11
11
5
4
18
1
10
12
6
9
11
6
5
8
5
9
6
5
11
9
10
9
3
10
6
10
6
7
4
8
8
8
9
10
4
13
6
8
7
13
11
4
10
11
8
4
7
11
12
8
9
12
9
5
8
6
4
5
9
9
4
8
7
12
5
1
10
4
7
5
9
4
12
6
13
5
7
4
6
7
7
4
9
10
7
6
7
6
11
13
2
9
8
13
5
10
3
10
8
9
4
11
10
9
6
8
8
7
5
8
6
3
6
7
4
9
5
8
4
7
9
5
3
5
7
6
3
4
8
8
10
4
8
9
12
6
7
6
7
14
4
4
3
10
7
10
7
5
5
9
6
8
8
7
6
6
9
7
4
6
9
5
9
7
2
4
12
8
5
4
6
4
9
7
7
5
8
8
8
4
5
12
13
8
5
5
11
5
8
5
4
5
7
5
2
5
9
7
11
7
5
6
2
6
5
10
5
8
2
7
8
10
7
8
5
6
4
5
2
5
6
6
6
7
9
5
8
6
4
7
6
4
1
8
4
5
3
7
6
5
7
6
7
8
7
7
7
6
4
4
9
6
6
5
3
7
5
4
13
9
4
5
5
5
8
7
5
16
8
6
1
1
9
11
8
5
4
7
4
5
4
9
10
6
8
3
2
2
7
4
4
4
6
5
8
10
4
3
5
2
5
7
4
1
4
3
4
4
6
5
4
5
6
2
6
5
6
3
6
4
4
4
3
8
8
2
5
4
5
9
8
4
3
3
5
5
6
3
5
4
9
2
10
6
4
11
5
5
4
4
7
5
7
3
5
4
8
7
2
6
7
8
3
6
8
3
8
7
7
8
8
3
4
2
9
2
7
7
3
2
5
4
4
2
2
4
7
8
4
3
2
6
6
4
5
6
7
4
5
3
7
5
3
2
2
8
3
6
4
3
7
5
4
4
4
3
4
6
7
4
3
3
1
0
8
10
6
5
5
4
6
5
7
4
5
4
9
7
3
4
5
2
1
9
5
5
3
7
4
5
3
1
7
4
9
5
3
5
4
7
3
3
2
4
7
3
7
3
5
3
5
4
2
4
6
3
4
5
5
5
7
5
7
4
3
3
3
7
4
5
7
3
2
4
5
2
8
3
8
5
1
6
3
5
3
5
6
3
5
2
5
4
3
5
6
4
2
5
7
4
9
7
3
5
5
5
3
7
6
2
7
3
6
4
3
3
4
4
7
6
7
8
4
4
6
2
3
7
3
9
3
8
4
4
7
4
3
0
4
7
5
5
7
7
2
4
6
5
1
5
1
3
4
6
3
5
2
6
6
6
7
1
3
6
6
6
6
5
3
3
4
4
5
4
8
3
4
4
4
7
2
3
6
2
4
0
6
3
4
6
5
0
6
3
6
5
4
1
4
3
5
3
9
3
1
8
5
8
3
5
4
8
3
1
3
2
3
7
4
3
4
3
3
5
2
6
6
4
3
8
1
5
4
2
5
7
3
2
5
5
6
2
7
3
2
1
2
5
5
4
3
5
2
6
4
3
2
4
4
4
1
1
5
2
1
4
5
3
6
3
3
2
4
0
8
1
3
4
5
6
4
4
6
3
3
5
4
5
3
3
2
3
2
4
5
5
3
7
6
2
6
7
3
2
1
6
3
8
3
7
4
1
6
4
9
6
2
2
4
3
3
4
1
4
8
6
4
4
2
3
7
3
2
3
2
1
2
1
3
4
2
6
4
4
6
7
3
9
0
4
3
1
7
1
0
6
2
5
7
10
4
7
2
3
5
4
2
6
3
6
2
4
4
1
1
2
5
5
5
2
1
2
2
6
0
1
2
6
2
3
4
2
2
3
8
3
4
4
5
9
4
1
3
3
8
2
2
4
4
0
4
5
4
3
3
6
1
3
2
4
2
3
3
2
3
7
2
5
2
3
3
5
2
5
2
7
9
1
4
2
1
2
2
5
6
4
3
3
2
2
0
2
3
4
3
4
3
3
4
2
5
4
2
5
5
3
2
4
6
2
2
4
5
3
7
2
5
2
0
3
4
7
4
5
4
1
3
4
0
3
6
3
1
6
2
0
2
4
1
2
2
6
5
6
2
0
4
4
3
4
1
3
1
2
1
4
5
4
5
5
2
3
2
5
3
2
3
8
5
0
1
3
1
3
2
1
1
5
4
3
5
5
4
2
3
3
6
5
4
3
2
3
3
3
3
3
5
3
8
2
2
5
1
2
4
3
2
2
2
4
2
3
0
2
3
4
4
3
6
1
3
3
1
2
3
3
3
2
2
2
2
3
6
8
6
2
2
1
3
2
3
3
3
2
3
2
2
1
0
1
1
3
2
3
0
2
2
3
1
2
2
4
3
0
3
5
3
1
4
0
3
2
3
2
4
4
1
6
3
3
4
4
7
3
5
1
2
4
3
5
1
1
11
0
3
2
2
2
0
2
3
2
3
6
3
3
0
1
2
0
1
2
2
2
3
3
3
3
5
7
2
0
4
3
3
4
4
5
2
3
2
0
4
5
2
4
4
1
1
2
3
5
4
1
1
3
2
2
2
3
4
4
4
1
3
2
0
6
0
2
5
2
2
0
3
3
2
4
0
3
3
1
2
2
2
4
2
6
1
0
1
2
6
2
1
4
2
5
1
3
4
2
0
3
2
2
3
6
2
1
1
3
1
1
1
2
3
4
5
1
1
1
2
4
4
0
4
2
1
3
1
2
6
1
1
4
2
3
0
5
3
3
7
0
3
2
4
4
3
5
5
1
0
6
1
5
0
4
3
2
3
4
0
4
2
0
2
1
4
0
0
1
1
2
2
1
1
7
4
1
2
2
1
2
5
3
3
3
3
3
2
1
2
1
4
3
2
7
1
3
4
1
3
1
2
3
2
1
2
3
3
2
3
4
2
2
3
9
4
3
6
3
2
0
2
1
3
1
1
2
0
0
1
3
1
2
2
1
2
6
2
6
4
5
2
2
1
3
2
3
1
4
2
0
5
1
1
1
2
2
1
2
2
1
1
1
2
2
5
2
2
0
4
2
2
3
1
1
3
0
2
5
1
4
3
1
6
4
2
3
3
1
4
1
2
1
0
1
1
4
3
3
3
3
1
2
2
3
7
7
1
2
2
4
1
2
2
0
3
1
0
5
2
3
4
1
3
1
0
1
2
0
3
3
2
2
2
4
3
1
0
1
4
6
0
2
1
2
2
1
1
2
3
0
2
4
1
2
2
1
3
0
2
3
0
2
1
6
4
1
3
3
1
2
3
2
3
3
2
1
1
1
2
0
1
2
1
1
3
2
4
2
2
7
4
1
2
1
3
2
0
2
1
6
2
0
0
2
3
2
2
0
1
2
1
2
4
1
0
1
2
1
2
0
3
0
1
1
4
1
3
1
1
1
3
0
2
1
0
3
3
0
1
1
1
1
0
0
2
0
4
1
0
2
4
1
3
1
0
2
2
0
2
1
2
2
0
1
1
4
1
2
0
1
3
1
2
0
3
2
0
2
0
2
2
3
3
1
0
3
0
2
2
1
2
0
1
1
1
2
1
3
0
1
2
1
0
2
3
2
3
1
2
0
4
1
1
2
1
2
2
0
1
1
0
1
2
2
0
0
2
2
2
1
1
1
0
1
2
1
1
4
1
1
1
0
3
1
4
2
2
0
1
1
0
2
0
3
4
2
3
3
1
1
0
1
1
3
0
2
0
0
7
5
1
1
1
0
0
2
1
1
2
2
1
0
1
2
3
1
0
3
2
1
3
0
3
2
0
2
1
2
3
1
4
1
3
1
1
2
3
2
0
0
1
1
1
1
2
0
2
2
0
0
1
1
2
0
1
1
3
3
2
0
2
1
1
0
0
0
2
2
0
0
0
2
0
0
3
1
0
0
1
0
2
3
3
2
3
0
0
3
3
1
1
0
1
1
0
1
1
0
4
2
2
3
3
2
1
0
1
2
4
2
2
1
5
1
2
1
0
2
0
1
1
1
0
0
2
3
1
1
0
1
2
0
1
0
1
0
2
0
3
1
3
0
3
2
1
2
3
0
1
2
3
2
1
0
2
0
1
0
1
1
3
1
2
2
3
1
3
2
0
2
4
1
2
1
1
2
3
1
0
0
0
2
2
2
1
2
1
4
1
2
1
0
1
0
2
2
0
0
1
2
3
3
2
3
4
0
1
1
0
0
1
1
3
0
1
1
1
0
2
0
4
2
0
1
1
2
2
4
0
1
2
1
1
1
1
1
0
2
0
1
2
1
0
3
2
1
1
1
3
2
1
0
1
1
0
3
1
3
0
0
1
3
1
0
1
2
2
1
1
1
1
1
0
0
2
0
0
2
1
1
2
1
4
4
2
3
1
2
2
1
1
1
3
0
1
2
2
0
0
1
1
1
1
1
1
2
1
0
1
2
1
1
1
0
0
0
2
3
0
2
0
2
0
0
2
0
0
0
1
2
0
0
1
1
3
2
0
1
2
0
2
2
0
1
1
0
2
1
0
1
1
0
2
1
1
1
1
1
1
0
1
0
1
1
0
1
1
0
1
0
4
1
1
2
1
1
0
1
1
1
2
1
0
3
1
3
1
2
0
0
0
0
0
1
2
1
0
1
1
2
1
1
1
2
3
0
0
1
4
0
0
1
2
0
2
1
0
2
1
1
1
1
1
1
0
0
2
0
0
0
3
1
0
1
3
1
1
1
0
2
0
3
0
0
1
2
0
2
1
0
0
0
1
0
0
1
2
0
0
0
1
1
2
0
1
0
0
0
1
1
0
0
3
1
0
0
0
2
2
0
0
1
1
2
0
0
4
2
1
1
1
0
0
1
2
1
1
0
1
0
2
5
2
1
0
1
1
0
1
0
1
0
0
0
0
1
0
1
1
0
0
3
0
1
0
2
1
2
0
0
0
2
1
0
1
2
1
1
0
0
2
2
2
0
1
1
0
0
1
0
4
1
1
1
0
1
1
1
3
0
2
1
1
1
4
2
2
1
1
0
0
1
1
0
0
4
2
1
1
2
1
0
1
1
1
0
2
0
2
0
0
0
1
0
0
0
1
1
1
1
0
0
0
0
2
0
0
1
1
1
0
1
3
4
1
0
1
0
0
1
0
0
2
1
1
1
0
0
0
1
0
0
1
2
0
1
0
1
0
0
1
1
0
0
0
0
1
2
1
1
0
1
1
1
0
2
2
0
0
0
0
1
1
0
0
1
1
1
1
1
0
1
2
2
0
0
2
0
2
0
0
1
0
0
1
1
1
0
0
0
0
1
1
1
0
0
1
1
1
1
1
0
1
0
0
0
0
1
0
1
0
1
0
0
0
1
3
0
2
0
0
0
0
0
2
3
1
0
0
1
1
0
1
0
2
0
0
2
0
1
0
0
1
1
2
0
1
0
0
1
2
0
0
0
2
1
0
0
2
0
1
0
0
1
0
0
1
1
0
0
0
0
0
0
1
1
2
0
0
1
1
1
1
0
0
1
0
0
1
2
0
1
0
0
0
0
0
0
1
0
0
0
0
0
1
0
1
1
1
0
0
0
0
0
0
0
0
1
1
0
2
1
1
1
1
0
1
0
3
1
1
0
1
0
0
2
1
0
0
1
0
1
1
1
2
1
1
0
0
0
0
0
1
2
0
0
0
0
1
1
0
0
0
0
2
0
1
0
0
0
0
0
0
0
2
0
2
0
0
0
0
0
2
1
1
0
1
0
0
2
0
1
0
1
1
1
1
0
0
0
0
1
0
1
0
0
0
0
1
1
0
0
0
0
1
0
0
0
0
1
1
1
1
0
1
1
1
0
0
0
1
3
0
0
2
1
0
0
0
0
1
1
0
0
1
0
0
2
0
0
1
0
1
0
0
1
0
0
0
2
0
0
0
1
0
1
0
1
1
1
1
0
0
0
1
1
0
0
0
1
0
0
0
2
1
1
0
0
0
1
0
0
0
0
0
0
0
0
0
0
1
0
0
0
0
1
1
1
1
1
0
0
1
0
0
0
0
0
2
0
1
1
1
1
0
0
0
0
0
0
0
0
1
0
0
0
0
0
0
0
0
1
1
1
0
1
0
2
0
0
2
0
1
0
0
0
3
0
1
0
0
0
0
0
1
0
0
1
1
0
0
0
1
0
0
2
1
1
0
0
0
0
0
0
0
0
1
1
0
0
1
0
1
3
0
0
0
1
0
0
0
0
0
0
0
0
0
1
0
0
0
0
0
0
2
0
0
0
3
0
0
1
2
2
0
0
0
1
0
0
2
1
0
0
0
0
0
0
0
0
0
0
0
0
0
0
0
0
2
0
0
1
0
0
0
1
0
0
2
1
0
0
0
0
0
0
1
0
0
0
0
0
0
1
0
0
1
0
0
0
0
0
0
2
0
0
0
1
0
0
0
1
0
0
1
1
1
0
0
0
0
0
0
0
0
0
0
0
0
0
0
0
0
1
1
0
0
0
0
0
0
0
0
0
0
0
0
0
0
0
0
1
0
0
1
2
1
0
0
0
0
1
0
1
0
1
0
0
0
0
0
1
0
0
1
0
0
0
0
1
0
1
1
0
0
1
1
0
0
0
0
0
0
0
1
0
0
0
0
0
0
0
0
0
0
0
0
0
0
0
1
0
1
0
0
0
0
1
0
0
1
1
1
1
0
0
1
1
0
0
0
1
0
0
1
0
0
0
1
0
1
0
1
0
0
1
0
0
1
0
0
0
1
2
1
0
1
0
0
1
0
0
0
0
0
1
1
0
1
0
0
0
0
0
0
0
0
1
0
0
0
0
0
0
0
1
0
0
0
0
0
0
0
0
0
0
0
0
0
0
0
0
1
0
0
0
0
0
0
0
1
1
0
0
1
0
0
1
0
0
0
0
0
0
0
0
0
0
0
0
0
0
0
0
1
0
0
0
0
0
0
0
0
0
0
0
0
0
0
1
0
0
0
0
0
0
0
0
0
0
0
0
1
0
0
0
0
0
0
0
0
0
0
0
0
0
0
0
0
0
0
0
0
1
0
0
1
1
0
0
0
0
1
0
0
0
1
0
0
0
0
0
0
0
0
0
0
0
0
0
0
0
0
0
0
0
0
0
2
0
0
0
0
0
1
0
0
0
1
0
0
1
0
2
1
0
0
0
0
0
0
0
0
0
0
0
2
0
1
0
0
1
1
0
1
0
0
0
0
0
0
0
0
0
0
0
0
0
0
0
0
1
0
1
0
0
1
0
0
0
0
0
0
0
0
0
0
0
0
0
0
1
0
0
0
0
0
0
1
0
0
0
0
0
0
0
1
0
1
0
0
1
0
0
0
0
0
0
0
0
0
0
0
0
0
0
0
0
0
0
1
0
0
0
1
0
0
0
0
1
0
0
0
0
0
1
0
0
0
0
0
0
0
1
0
0
0
1
0
0
0
0
0
1
0
0
0
0
0
0
0
0
0
0
0
0
0
0
1
0
0
0
0
0
0
0
0
0
0
0
0
0
0
0
0
0
0
0
0
0
0
0
0
0
0
0
0
0
0
0
1
0
0
0
0
0
0
0
0
0
0
0
0
0
0
0
0
0
1
0
0
0
1
0
0
0
1
0
0
0
0
0
1
0
0
0
0
1
0
0
1
0
0
0
0
0
0
0
0
0
0
0
0
0
0
0
0
0
0
1
0
0
0
0
0
0
0
0
0
0
0
0
0
0
0
0
0
0
0
1
0
0
0
0
0
0
0
0
0
0
0
0
0
0
0
0
0
0
0
1
0
0
0
0
0
1
0
0
0
0
0
0
0
0
0
0
0
1
0
0
0
0
0
0
0
0
0
0
0
0
0
0
0
0
0
0
0
0
1
0
0
0
0
0
0
0
0
0
0
0
1
0
1
0
0
0
0
0
0
0
0
0
0
0
0
0
0
0
0
0
0
0
0
0
1
0
0
0
0
0
0
0
0
0
0
0
0
0
0
0
0
0
0
0
0
0
0
0
0
0
0
0
0
0
0
0
0
0
0
0
0
0
0
0
0
0
0
0
0
0
0
0
0
1
0
0
0
0
0
0
0
0
0
0
0
0
0
0
1
0
1
0
0
0
0
0
0
0
0
0
0
0
0
0
0
0
0
0
0
0
0
0
0
0
0
0
0
0
0
0
1
0
0
0
0
0
0
0
0
0
0
1
0
0
0
1
0
0
0
1
0
0
0
0
0
0
0
0
0
0
0
0
0
0
0
0
0
0
0
1
0
1
0
1
0
0
0
0
0
0
0
0
0
0
0
0
0
0
0
0
0
0
0
0
0
0
0
0
0
0
0
1
0
1
0
0
0
0
0
0
0
0
0
0
0
0
0
0
0
0
1
0
0
0
0
0
0
0
0
0
0
0
0
0
0
0
0
0
0
0
0
0
0
0
0
0
0
0
0
0
0
0
0
0
0
0
0
0
0
0
0
0
0
0
0
0
0
0
0
0
0
0
0
0
0
0
0
0
0
0
0
0
0
0
0
0
0
0
0
1
0
0
0
0
0
0
0
0
0
0
0
0
0
1
0
0
0
0
0
0
0
0
0
0
0
0
0
0
0
0
0
0
0
0
0
0
0
0
0
0
0
0
0
0
0
0
0
0
0
0
0
0
0
0
0
0
0
0
0
0
0
0
0
0
0
0
0
0
0
0
0
0
0
0
0
0
1
0
0
0
0
0
0
1
0
0
0
0
0
0
0
0
0
0
0
0
0
0
0
0
0
0
0
0
0
0
0
0
0
0
0
0
0
0
0
0
0
0
0
0
1
0
0
0
0
0
0
0
0
0
0
0
0
0
0
1
0
0
0
0
0
0
0
0
0
0
0
0
0
0
0
0
0
0
0
0
0
0
0
0
0
0
1
0
0
0
1
0
0
0
0
0
0
0
0
0
0
0
0
1
0
0
0
0
0
0
0
0
0
0
0
0
0
0
0
0
0
0
0
0
0
0
0
0
0
0
0
0
0
0
0
0
0
0
0
0
0
0
0
1
0
0
0
0
0
0
0
0
0
0
0
0
0
0
0
0
0
0
0
0
0
0
0
0
0
0
0
0
0
0
0
0
0
0
0
0
0
0
0
0
0
0
0
0
0
1
0
0
0
0
0
0
0
0
0
0
0
0
0
0
0
0
0
0
0
0
0
0
0
0
0
0
0
0
0
0
0
0
0
0
0
0
0
0
0
0
0
0
0
0
0
0
0
0
0
0
0
0
0
0
0
0
0
0
0
0
0
0
0
0
0
0
0
0
0
0
0
0
0
0
0
0
0
0
0
0
0
0
0
0
0
0
0
0
1
0
0
0
0
0
0
0
0
0
0
0
0
0
0
0
0
0
0
0
0
0
0
0
0
0
0
1
0
0
0
1
0
0
0
0
0
0
0
0
0
0
0
0
0
0
0
0
0
0
0
0
1
0
0
0
0
0
0
0
0
0
0
0
0
0
0
0
0
0
0
0
0
0
1
0
0
0
0
0
0
0
0
0
0
0
0
0
0
0
0
0
0
0
0
0
0
0
0
0
0
0
0
0
0
0
0
0
0
0
0
0
0
0
0
0
0
0
0
0
0
0
0
0
0
0
0
0
0
0
0
0
0
0
0
1
0
0
0
0
0
0
0
0
0
0
0
0
0
0
0
0
0
0
0
0
0
0
0
0
0
0
0
0
0
0
0
0
0
0
0
0
0
0
0
0
0
0
0
0
0
0
0
0
0
0
0
0
0
0
0
0
0
0
0
0
0
0
0
0
0
0
0
0
0
0
0
0
0
0
0
0
0
0
0
0
0
0
0
0
0
0
0
0
0
0
0
0
0
0
0
0
0
0
0
0
0
0
0
0
0
0
0
0
0
0
0
0
0
0
0
0
0
0
0
0
0
0
0
0
0
0
0
0
0
0
0
0
0
0
0
0
0
0
0
0
0
0
0
0
0
0
0
0
0
0
0
0
0
0
0
0
0
0
0
0
0
0
0
0
0
0
0
0
0
0
0
0
0
0
0
0
0
0
0
0
0
0
0
0
0
0
0
0
0
0
0
0
0
0
0
0
0
0
0
0
0
0
0
0
0
0
0
0
0
0
0
0
0
0
0
0
0
0
0
0
0
0
0
0
0
0
0
0
0
0
0
0
0
0
0
0
0
0
0
0
0
0
0
0
0
0
0
0
0
0
0
0
0
0
0
0
0
0
0
0
0
0
0
0
0
0
0
0
0
0
0
0
0
0
0
0
0
0
0
0
0
0
0
0
0
0
0
0
1
0
0
0
0
0
0
0
0
0
0
0
0
0
0
0
0
0
0
0
0
0
0
0
0
0
0
0
0
0
0
0
0
0
0
0
0
0
0
0
0
0
0
0
0
0
0
0
1
0
0
0
0
0
0
0
0
0
0
0
0
0
0
0
0
0
0
0
0
0
0
0
0
0
0
0
0
0
0
0
0
0
0
0
0
0
0
0
0
0
0
0
0
0
0
0
0
0
0
0
0
0
0
0
1
0
0
0
0
0
0
0
0
0
0
0
0
0
0
0
0
0
0
0
0
0
0
0
0
0
0
0
0
0
0
0
0
0
0
0
0
0
0
0
0
0
0
0
0
0
0
0
0
0
0
0
0
0
0
0
0
0
0
0
0
0
0
0
0
0
0
0
0
0
0
0
0
0
0
0
0
0
0
0
0
0
0
0
0
0
0
0
0
0
0
0
0
0
0
0
0
0
0
0
0
0
0
0
0
0
0
0
0
0
0
0
0
0
0
0
0
0
0
0
0
0
0
0
0
0
0
0
0
0
0
0
0
0
0
0
0
1
0
0
0
0
0
0
0
0
0
0
0
0
0
0
0
0
0
0
0
0
0
0
0
0
0
0
0
0
0
0
0
0
0
0
0
0
0
0
0
0
0
0
0
0
0
0
0
0
0
0
0
0
0
0
0
0
0
0
0
0
0
0
0
0
0
0
0
0
0
0
0
0
0
0
0
0
0
0
0
0
0
0
0
0
0
0
0
0
0
0
0
0
0
0
0
0
0
0
0
0
0
0
0
0
0
0
0
0
0
0
0
0
0
0
<<END>>
<<DP5 CONFIGURATION>>
RESC=?;    Reset Configuration
PURE=OFF;    PUR Interval On/Off
MCAS=NORM;    MCA Source
MCAC=8192;    MCA/MCS Channels
SOFF=OFF;    Set Spectrum Offset
GAIA=2;    Analog Gain Index
PDMD=NORM;    Peak Detect Mode (Min/Max)
THSL=0.012;    Slow Threshold
TLLD=OFF;    LLD Threshold
GATE=HI;    Gate Control
AUO1=PEAKH;    AUX_OUT Selection
PRER=OFF;    Preset Real Time
PREL=OFF;    Preset Live Time
PREC=OFF;    Preset Counts
PRCL=0;    Preset Counts Low Threshold
PRCH=8191;    Preset Counts High Threshold
SCOE=RI;    Scope Trigger Edge
SCOT=12;    Scope Trigger Position
SCOG=4;    Digital Scope Gain
MCSL=0;    MCS Low Threshold
MCSH=8191;    MCS High Threshold
MCST=0.01;    MCS Timebase
AUO2=ICR;    AUX_OUT2 Selection
GPED=RI;    G.P. Counter Edge
GPIN=AUX2;    G.P. Counter Input
GPME=ON;    G.P. Counter Uses MCA_EN?
GPGA=ON;    G.P. Counter Uses GATE?
GPMC=ON;    G.P. Counter Cleared With MCA Counters?
MCAE=OFF;    MCA/MCS Enable
PDMD=NORM;
<<DP5 CONFIGURATION END>>
<<DPP STATUS>>
Device Type: MCA8000D
Serial Number: 1319
Firmware: 6.09  Build:  0
FPGA: 1.08
Slow Count: 506252
GP Count: 0
Real Time: 15177.182000
Live Time: 0.160000
Board Temp: 38°C
<<DPP STATUS END>>
