<<PMCA SPECTRUM>>
TAG - live_data
DESCRIPTION - 
GAIN - 5
THRESHOLD - 0
LIVE_MODE - 0
PRESET_TIME - 0
LIVE_TIME - 2.713000
REAL_TIME - 20.349000
START_TIME - 09/06/2019 18:29:21
SERIAL_NUMBER - 0
<<DATA>>
0
0
333
1628
6347
6711
6032
5087
4325
3731
3107
2702
2106
1711
1398
1184
854
731
557
414
386
286
276
207
181
143
137
97
102
106
108
79
93
89
73
64
63
46
42
30
31
29
31
24
28
23
17
22
30
17
25
10
14
20
13
20
15
19
16
10
13
17
15
20
13
11
12
16
15
15
17
17
18
14
17
20
22
11
13
18
18
23
13
14
19
22
20
22
30
20
33
32
38
40
45
55
61
84
85
89
127
134
155
199
171
159
203
235
206
236
236
285
278
317
336
305
365
337
389
397
481
423
498
495
510
561
559
581
613
621
653
705
702
800
789
786
828
812
837
847
950
935
1012
1041
1026
1138
1118
1136
1116
1205
1307
1223
1256
1284
1316
1347
1357
1449
1516
1411
1480
1503
1514
1585
1663
1661
1624
1661
1750
1712
1803
1860
1953
1876
1914
1972
1977
1884
2046
2075
2188
2159
2088
2160
2214
2299
2293
2335
2304
2341
2303
2486
2431
2442
2408
2532
2524
2595
2577
2621
2522
2609
2616
2752
2731
2753
2776
2780
2798
2868
2873
2899
2907
3037
2999
2987
3029
3017
3206
3106
3075
3086
3134
3113
3218
3304
3098
3245
3291
3371
3276
3374
3298
3311
3359
3254
3396
3381
3375
3513
3447
3597
3570
3660
3500
3552
3510
3656
3652
3673
3598
3678
3658
3643
3626
3696
3714
3678
3706
3725
3751
3759
3770
3702
3816
3733
3812
3809
3859
3892
3944
3985
3931
3863
3875
3927
3845
3981
4039
4084
3984
4130
4079
3901
4117
4052
4169
4044
4065
4030
4168
4148
3943
4210
4172
4125
4204
4146
4195
4190
4184
4166
4284
4266
4332
4133
4187
4251
4276
4140
4190
4348
4346
4235
4249
4386
4333
4436
4351
4399
4549
4377
4476
4515
4355
4535
4355
4497
4429
4447
4456
4540
4608
4391
4563
4435
4430
4556
4582
4366
4497
4443
4615
4663
4619
4482
4547
4640
4612
4677
4632
4794
4617
4621
4789
4627
4579
4656
4668
4789
4786
4716
4730
4818
4902
4560
4790
4801
4876
4836
4841
4761
4920
4827
4850
4813
4824
4919
4828
4921
4963
4831
4912
4982
4875
4976
4789
4929
4967
5063
5119
4971
5155
5094
5107
4950
5110
5147
5148
5075
5091
5195
5052
5207
5163
5213
5150
5122
5247
5259
5056
5350
5008
5269
5241
5212
5150
5250
5145
5238
5383
5276
5368
5376
5107
5313
5291
5345
5425
5322
5282
5438
5313
5370
5437
5409
5429
5341
5474
5486
5517
5444
5517
5367
5391
5344
5469
5462
5505
5434
5553
5602
5740
5575
5699
5576
5680
5603
5676
5600
5657
5684
5529
5632
5662
5844
5833
5692
5761
5796
5666
5887
5746
5617
5798
5698
5678
5822
5850
5840
5850
5911
5919
5819
5992
5858
5985
5863
6070
5924
6023
5970
5923
5935
5980
5980
5910
5948
5993
6024
6079
6006
6065
5903
6012
6106
6103
6104
6139
6197
5894
6059
6065
6128
6047
6147
6155
6225
6139
6262
6272
6267
6322
6141
6268
6383
6418
6241
6161
6336
6256
6322
6234
6339
6328
6266
6376
6310
6477
6440
6371
6621
6479
6409
6478
6454
6433
6555
6405
6403
6597
6459
6472
6527
6530
6630
6476
6633
6491
6472
6544
6558
6608
6599
6687
6609
6541
6581
6616
6656
6641
6616
6762
6698
6785
6624
6711
6615
6743
6722
6704
7055
6905
6732
6754
6710
6782
6757
6765
6838
6829
6858
6826
6831
6940
6965
6910
6841
6919
7009
7092
7045
6874
6935
6914
7085
7035
6988
7015
7022
7158
6876
6970
7203
7095
7076
7022
7023
7085
7172
6961
7279
7104
7125
7103
7140
7193
7224
7119
7169
7200
7006
7147
7198
7210
7316
7223
7366
7123
7231
7306
7276
7360
7312
7202
7168
7377
7225
7309
7310
7370
7325
7390
7405
7309
7290
7288
7446
7395
7402
7325
7530
7460
7366
7330
7482
7397
7444
7548
7390
7561
7534
7409
7434
7468
7577
7398
7453
7495
7545
7516
7552
7455
7330
7415
7528
7554
7479
7600
7536
7711
7460
7657
7712
7542
7633
7617
7750
7730
7638
7897
7589
7661
7656
7648
7668
7634
7708
7686
7647
7786
7667
7638
7730
7709
7868
7666
7756
7634
7789
7832
7921
7478
7802
7973
7839
7765
7830
7939
7908
7842
7952
8024
7849
7935
7785
7846
7917
7719
7927
7870
7824
7873
7724
7969
7842
7848
7841
7816
7879
7981
7967
7978
7980
7833
7936
8132
7929
7985
8020
7998
7957
8015
8004
7928
8032
7974
8102
8004
8209
7922
7960
7965
8129
7966
7933
8011
8066
7961
7983
8024
8129
8187
7950
8026
8011
7918
8203
8021
8104
8072
8029
8046
8197
7982
8246
8160
8276
8205
8155
8167
8137
8240
8166
8106
8057
8218
8014
8329
8155
8179
8102
8141
8210
8202
8003
8203
8229
8203
8041
8365
8078
8187
8282
8212
8214
8202
8122
8175
8034
8240
8302
8109
8262
8153
8338
8291
8208
8135
8095
8265
8196
8185
8432
8300
8149
8268
8101
8229
8242
8111
8136
8172
8266
8243
8151
8372
8180
8363
8334
8369
8210
8258
8345
8271
8363
8188
8284
8204
8279
8267
8336
8184
8400
8425
8377
8206
8292
8288
8228
8254
8367
8306
8151
8259
8441
8196
8391
8323
8169
8270
8272
8475
8170
8334
8166
8456
8338
8195
8491
8239
8291
8149
8251
8329
8264
8204
8320
8094
8374
8530
8391
8184
8265
8352
8236
8278
8288
8232
8237
8286
8194
8187
8244
8123
8167
8294
8096
8272
8246
8369
8293
8253
8281
8273
8176
8295
8244
8472
8248
8356
8336
8154
8224
8193
8321
8185
8352
8349
8266
8196
8354
8251
8379
8381
8352
8393
8318
8146
8242
8373
8169
8302
8355
8218
8295
8297
8360
8100
8157
8282
8316
8204
8170
8260
8185
8174
8385
7971
8278
8314
8383
8002
8069
7944
8096
8092
8227
8301
8224
8224
8070
8336
8311
8113
8246
8239
8348
8346
7951
8106
8112
8350
8179
8285
8175
8090
8266
8055
8243
8057
8166
8076
8161
8080
8160
7965
8127
8164
7939
8055
8131
8057
8301
8047
8158
7832
8058
8081
7898
8060
8039
8126
8143
7919
8022
7902
8066
8075
8129
7982
8039
8015
8029
7869
8192
7925
8094
8001
7808
8067
7894
7940
7929
7782
8006
7995
7956
7868
7884
8095
7983
8010
7947
7800
7911
7883
7804
7916
7921
7825
7988
8016
7936
7921
7862
7976
8022
7776
7932
7947
7930
7910
7799
7916
8040
7768
7926
7817
7670
7902
7846
7769
7872
7671
7638
7936
7678
7828
7719
7767
7862
7709
7865
7772
7768
7628
7763
7661
7587
7782
7731
7863
7497
7644
7593
7471
7688
7733
7535
7592
7567
7566
7574
7626
7488
7485
7717
7442
7572
7630
7487
7544
7568
7666
7651
7681
7410
7556
7491
7548
7533
7580
7451
7523
7428
7473
7477
7528
7427
7446
7298
7192
7273
7419
7383
7261
7581
7308
7202
7333
7276
7283
7404
7252
7227
7275
7142
7365
7312
7307
7337
7180
7261
7119
7160
7160
7067
7020
7147
7174
7177
7129
7116
7097
6989
7180
7245
6892
7001
7080
7033
7071
7010
7020
7055
7058
7003
7060
6976
6965
6971
6915
6972
6946
6767
6927
6888
6842
6866
6722
6933
6991
6840
7009
6809
7023
6679
6762
6803
6732
6788
6629
6806
6775
6637
6618
6530
6638
6705
6769
6517
6732
6526
6542
6610
6724
6544
6648
6645
6464
6597
6485
6563
6665
6355
6541
6455
6525
6390
6438
6376
6430
6451
6401
6499
6564
6213
6385
6254
6252
6314
6278
6390
6255
6384
6228
6368
6461
6238
6158
6154
6231
6155
6092
6206
6093
6053
6164
6243
6096
6070
6186
6108
6168
6032
5976
6215
6070
5997
6039
5992
6047
5897
6005
5975
5966
5888
5932
5992
6102
5779
5856
5789
5879
5870
5773
6044
5853
5771
5829
5759
5705
5777
5801
5658
5824
5711
5648
5790
5686
5675
5736
5703
5712
5651
5537
5729
5590
5533
5550
5595
5458
5576
5447
5609
5544
5476
5466
5570
5312
5410
5467
5320
5367
5358
5421
5386
5437
5328
5305
5340
5260
5289
5318
5242
5125
5256
5213
5240
5212
5173
5127
5261
5145
5233
5211
5136
5203
5034
5099
5015
5093
5010
5057
5099
5001
5106
5027
4908
5059
4952
4975
4956
4958
4997
4874
5040
4914
4871
4867
4919
4924
4839
4958
4826
4947
4830
4794
4736
4897
4841
4730
4738
4743
4800
4703
4832
4796
4656
4653
4724
4607
4602
4597
4701
4526
4628
4583
4454
4482
4472
4592
4451
4496
4438
4609
4413
4440
4375
4512
4431
4495
4339
4430
4400
4294
4355
4355
4313
4304
4328
4426
4304
4177
4220
4306
4305
4260
4306
4200
4328
4124
4301
4212
4154
4267
4225
4165
4202
4132
4100
4168
4095
4088
4080
4000
4114
4106
3988
4032
3990
4067
3942
3981
4014
3911
3930
3932
3998
3930
3971
3922
4096
3904
3906
3925
3812
3949
3912
3861
3820
3818
3810
3711
3769
3832
3765
3785
3744
3693
3759
3751
3757
3730
3652
3707
3660
3655
3612
3752
3677
3564
3772
3674
3679
3589
3532
3468
3575
3681
3496
3574
3543
3510
3440
3469
3484
3408
3388
3360
3532
3345
3451
3381
3395
3480
3470
3385
3486
3421
3355
3355
3384
3469
3392
3332
3268
3162
3228
3304
3329
3344
3322
3275
3191
3272
3261
3260
3288
3201
3266
3221
3203
3204
3052
3190
3221
3200
3137
3186
3033
3094
3152
3097
3111
3173
3186
3089
2941
3167
3038
2924
2978
3025
2984
3054
3067
3020
3035
3000
2976
3036
3004
2864
2963
2848
2888
2880
2896
2876
2856
2874
2767
2889
2849
2811
2839
2863
2768
2891
2758
2780
2762
2712
2900
2771
2645
2763
2720
2754
2717
2714
2658
2602
2693
2602
2619
2649
2672
2760
2661
2646
2633
2699
2715
2654
2594
2671
2565
2556
2632
2586
2655
2598
2589
2595
2553
2460
2452
2492
2533
2593
2572
2484
2501
2462
2422
2468
2418
2521
2425
2408
2514
2430
2427
2388
2484
2434
2349
2340
2416
2330
2357
2436
2318
2389
2364
2341
2328
2360
2316
2338
2294
2296
2352
2328
2303
2262
2258
2248
2270
2248
2246
2245
2310
2270
2151
2209
2198
2247
2225
2140
2189
2141
2222
2257
2172
2198
2134
2220
2183
2066
2092
2098
2088
2125
2166
2159
2161
2118
2085
2156
2077
2053
2163
2008
2090
2035
2016
2185
2032
2005
1999
1985
2055
2080
1981
2062
1992
2044
1967
2039
2024
1994
1997
1892
1871
1961
1996
2013
1900
1961
1852
1894
1935
1958
1923
1850
1891
1839
1828
1861
1845
1850
1819
1837
1891
1889
1805
1880
1861
1809
1737
1791
1711
1810
1828
1821
1814
1801
1790
1756
1816
1744
1718
1755
1728
1770
1719
1721
1768
1721
1748
1767
1684
1693
1753
1681
1702
1697
1683
1672
1753
1708
1624
1709
1624
1618
1624
1664
1600
1672
1632
1572
1640
1689
1706
1690
1638
1663
1656
1596
1674
1616
1646
1592
1637
1566
1597
1511
1644
1610
1602
1519
1547
1500
1520
1490
1527
1597
1505
1550
1542
1485
1528
1483
1493
1486
1460
1501
1519
1500
1487
1463
1473
1535
1427
1442
1456
1538
1463
1473
1511
1410
1442
1536
1428
1381
1478
1387
1406
1359
1368
1417
1317
1417
1460
1436
1371
1432
1432
1343
1376
1355
1353
1320
1261
1309
1321
1353
1414
1368
1335
1304
1345
1314
1336
1356
1335
1324
1324
1275
1279
1285
1350
1317
1248
1287
1277
1328
1204
1272
1256
1291
1335
1272
1205
1194
1208
1279
1256
1272
1148
1230
1222
1234
1233
1204
1227
1187
1215
1212
1294
1230
1249
1166
1198
1208
1200
1217
1158
1217
1202
1199
1146
1167
1225
1196
1128
1185
1115
1141
1159
1102
1114
1095
1092
1157
1135
1057
1173
1188
1095
1097
1113
1137
1114
1152
1206
1126
1086
1096
1141
1113
1051
1167
1123
1081
1105
1088
1128
1095
988
1090
1092
1105
1011
1041
1052
1109
1093
1075
1035
1026
1021
1046
1084
983
1026
1095
982
1060
1044
1000
1016
987
935
1007
1021
1039
992
994
979
958
978
1003
988
965
1005
979
1006
997
964
989
961
1030
1013
1001
1015
968
956
989
950
919
934
985
878
973
985
944
923
917
950
967
898
960
938
886
898
969
874
905
958
905
853
904
942
951
906
886
977
866
947
826
900
929
904
905
861
913
840
819
858
844
855
850
893
872
870
888
765
838
857
841
887
829
825
809
856
836
843
891
833
826
815
807
835
802
875
840
833
832
801
838
771
797
792
820
798
807
813
808
787
760
854
825
770
845
760
777
796
794
788
795
750
773
769
755
802
744
744
774
760
734
780
765
785
787
778
771
799
717
741
733
807
762
754
712
745
726
792
701
744
726
719
735
765
787
709
736
740
681
693
762
732
738
688
696
716
712
703
761
716
668
684
753
666
700
728
695
733
701
649
733
671
687
695
757
711
660
679
683
710
698
659
694
656
688
646
716
674
674
645
697
660
711
713
660
635
682
703
655
707
683
676
655
657
580
644
688
630
651
655
627
625
623
641
713
662
645
602
617
643
676
636
674
661
602
600
611
649
542
639
642
608
608
652
613
642
620
637
615
547
571
648
609
590
594
631
609
592
633
659
616
578
618
590
589
609
553
619
613
580
588
566
610
624
598
581
588
613
592
613
590
576
596
613
566
589
567
577
605
584
575
597
627
597
584
586
567
584
558
587
584
534
553
521
577
578
538
574
560
566
579
566
563
544
553
511
557
577
491
558
545
570
582
534
547
558
589
534
521
505
578
562
544
509
544
530
616
521
536
548
532
574
537
555
521
563
527
504
526
571
492
546
507
534
508
535
526
536
539
526
503
535
520
518
561
515
546
543
502
522
562
520
531
535
566
495
521
516
506
489
524
564
504
492
530
508
500
543
511
492
489
526
504
533
493
516
490
498
531
497
500
498
514
485
490
522
453
469
486
480
492
489
473
478
507
520
515
474
502
477
487
493
516
443
451
493
468
427
471
511
443
507
428
482
455
443
486
450
498
444
452
481
507
464
482
469
451
439
474
434
425
450
490
476
454
441
477
442
452
450
479
467
430
431
431
441
435
457
444
457
493
414
457
461
479
458
459
451
462
465
438
493
465
438
461
454
460
426
416
454
458
458
411
439
453
450
458
445
477
448
457
439
457
432
439
437
433
443
451
429
450
431
439
453
430
417
431
445
447
458
427
418
423
413
419
418
442
486
412
438
409
411
416
433
441
442
432
398
424
426
437
412
380
414
414
421
419
406
401
431
429
407
391
393
423
404
453
439
394
375
383
393
414
403
397
396
404
429
416
432
401
419
381
374
417
361
377
389
384
390
430
388
418
383
417
399
414
388
431
394
392
361
381
365
358
361
404
365
387
424
394
380
378
413
391
403
415
433
376
414
369
399
385
369
426
388
373
397
393
386
392
379
393
394
358
386
394
364
403
427
391
402
347
398
363
368
392
389
379
369
387
340
391
347
346
363
363
380
391
346
372
380
351
381
358
376
376
364
389
399
344
391
358
351
352
334
372
381
332
376
381
367
360
366
346
358
314
391
359
327
344
356
358
335
368
365
341
370
333
337
359
347
352
331
355
351
347
358
360
375
334
389
347
339
333
321
343
327
314
326
338
323
308
327
369
347
344
298
314
337
354
328
323
328
341
348
363
360
302
338
328
372
363
334
324
380
334
318
329
350
334
307
352
322
330
319
314
310
347
343
332
307
339
321
320
339
338
346
323
309
297
325
338
328
364
334
352
336
357
339
334
333
332
341
321
346
313
302
320
308
312
327
314
328
338
299
334
318
306
338
354
298
324
298
315
331
300
316
329
280
283
298
290
341
320
328
322
310
321
315
293
340
298
323
318
305
326
303
326
316
324
306
319
314
315
334
325
295
279
315
310
277
327
302
313
326
291
298
310
287
283
273
292
288
291
280
293
328
273
313
315
266
288
282
293
331
309
290
294
306
288
309
308
277
261
271
296
283
286
309
294
283
322
303
278
300
306
299
313
298
274
267
292
274
266
285
269
295
288
277
295
265
270
271
285
288
277
282
273
296
280
271
328
283
284
296
280
287
296
284
301
295
284
266
290
291
258
264
288
269
282
312
287
240
252
282
316
299
267
257
312
278
265
292
293
257
282
281
281
257
277
277
274
269
296
253
261
282
284
279
242
295
268
247
258
253
240
299
280
267
272
290
279
264
292
267
250
250
266
237
279
236
254
259
251
257
238
276
287
268
288
266
263
262
251
287
242
271
273
246
261
288
260
244
254
246
264
265
255
251
257
260
248
274
228
266
247
254
253
255
251
242
260
249
251
238
256
280
262
255
266
282
274
239
255
250
270
237
271
220
228
254
259
268
271
259
253
268
231
266
241
262
277
256
236
245
236
246
255
240
249
275
259
243
234
220
235
233
248
245
245
243
279
245
206
234
221
247
244
277
220
252
239
257
237
238
242
247
227
243
227
234
253
237
218
240
237
226
226
199
278
239
223
258
200
213
245
237
263
242
237
224
248
235
219
256
262
222
226
208
227
232
227
237
234
238
226
244
223
253
257
246
242
234
236
252
220
239
227
206
224
282
224
230
238
223
240
244
221
228
217
223
234
235
226
192
261
192
210
221
217
239
223
203
215
229
246
211
232
204
216
243
241
231
212
190
243
213
225
225
202
208
204
246
198
218
214
219
216
223
222
202
249
222
218
204
218
212
196
219
211
231
247
203
204
219
196
216
212
205
218
206
224
212
223
192
232
202
226
200
192
203
217
203
205
193
213
198
216
203
228
216
196
216
202
221
199
209
211
202
190
200
235
215
182
207
185
194
193
201
197
225
190
227
224
185
204
194
217
194
194
196
181
203
188
205
202
200
187
230
205
205
197
194
212
200
192
193
203
187
186
206
217
194
197
229
216
207
194
197
197
200
222
201
201
206
204
205
188
181
195
201
203
187
204
213
205
225
202
188
212
209
182
216
189
205
197
198
197
211
210
189
187
182
199
165
204
197
171
178
190
209
155
206
193
213
177
188
190
191
187
201
180
204
196
204
179
186
174
187
207
187
184
196
189
168
174
199
164
178
183
202
183
205
172
169
189
175
187
185
179
183
184
193
201
171
170
165
175
178
177
174
161
190
192
174
172
164
173
184
176
198
154
179
185
189
175
181
193
175
195
175
167
193
197
184
174
184
179
177
171
185
165
179
193
163
189
171
185
157
181
153
163
173
157
187
182
174
175
147
177
165
145
191
167
161
170
174
190
143
169
158
179
173
174
172
163
163
151
177
157
152
205
180
150
151
179
175
156
156
166
160
148
159
176
160
144
162
192
156
159
171
166
173
172
163
180
155
162
171
137
170
134
143
168
191
160
164
148
151
150
145
176
177
166
176
151
168
163
172
172
146
147
161
136
155
147
149
136
156
157
162
145
145
163
143
166
156
176
151
173
155
161
144
191
141
152
171
131
160
159
135
147
165
162
144
157
153
153
141
169
135
154
141
151
162
141
174
147
145
122
136
136
148
142
154
167
133
131
141
145
163
144
155
152
157
149
125
136
158
163
147
141
136
140
167
155
152
122
163
141
130
131
140
142
161
139
139
139
129
159
126
145
142
152
144
157
129
148
161
148
132
146
148
145
145
142
140
122
145
133
157
142
138
138
147
154
123
138
129
147
133
132
137
147
148
130
132
116
144
138
134
144
162
115
120
157
130
146
142
129
138
126
132
140
137
136
134
152
116
123
142
153
125
146
129
137
150
155
129
129
138
137
122
124
137
140
127
118
122
133
130
130
134
138
114
136
139
144
138
124
123
139
152
137
127
125
146
115
160
131
136
135
141
126
115
140
136
113
139
112
120
131
128
129
139
135
122
118
118
134
127
116
133
141
133
117
136
134
130
120
132
102
137
108
128
111
114
115
125
122
105
132
121
120
116
111
135
123
112
112
120
129
119
126
117
127
112
120
118
127
132
115
128
128
119
120
99
129
103
140
106
117
119
121
130
113
125
136
125
108
113
130
135
115
125
117
119
124
116
130
117
108
123
108
105
113
120
136
122
139
106
125
115
118
88
131
105
125
128
151
130
117
122
132
116
132
123
115
116
109
115
124
116
109
106
112
127
107
124
99
120
106
101
131
123
112
123
130
120
103
96
108
129
103
110
116
96
121
107
115
116
124
109
133
96
110
119
133
87
134
105
124
116
116
127
105
76
118
104
111
115
109
110
98
137
98
135
101
92
116
117
102
106
85
117
124
110
86
107
96
109
115
94
104
120
104
98
128
99
101
112
120
105
93
90
108
101
105
100
90
94
97
118
90
107
86
126
79
82
106
94
108
103
104
113
98
89
118
97
110
130
91
103
100
94
103
104
116
120
84
108
100
102
78
95
103
111
101
105
114
83
113
95
104
81
95
102
108
88
99
102
98
106
101
87
93
111
99
95
104
115
83
92
105
93
96
96
84
100
102
91
110
95
81
88
100
94
90
96
91
90
75
79
98
82
106
101
110
112
94
95
102
87
96
100
64
100
108
87
100
87
89
88
88
72
99
83
102
105
92
88
96
114
100
95
92
78
86
84
90
74
92
82
112
96
74
90
109
109
85
109
103
89
80
88
99
82
75
87
98
83
97
86
99
100
97
79
87
90
98
88
87
103
74
94
82
77
86
75
85
96
95
82
91
82
95
98
100
77
96
79
87
92
99
83
78
91
88
81
93
81
67
90
93
66
79
82
70
74
73
92
82
73
81
82
81
84
68
85
87
90
88
85
57
95
86
93
89
72
91
74
81
86
85
76
90
101
89
78
90
95
104
74
86
78
84
82
82
82
86
79
77
74
82
82
75
83
89
98
97
82
84
82
76
82
68
84
86
75
74
69
80
91
63
82
78
75
75
97
68
90
73
82
78
75
84
67
74
88
76
76
91
81
79
73
68
83
77
86
73
79
75
76
95
80
69
74
75
86
84
76
80
83
71
60
79
101
74
80
76
87
65
75
78
74
83
88
69
84
66
70
80
83
79
73
79
70
74
56
76
79
73
66
70
89
84
96
74
70
85
77
74
78
75
88
71
81
80
65
63
95
79
71
74
87
85
83
83
102
75
75
58
57
70
69
65
89
56
68
82
75
71
64
77
74
79
84
61
81
76
61
73
57
68
61
66
70
75
73
68
66
68
70
60
77
79
62
70
81
74
91
72
75
77
91
66
69
71
75
88
54
77
64
68
77
75
75
86
74
74
69
77
83
63
73
53
75
75
64
75
71
75
76
76
52
50
56
56
60
68
63
62
74
60
60
69
69
75
70
73
70
85
86
75
73
63
59
44
75
74
79
74
46
60
63
61
59
67
62
49
62
76
50
70
75
78
69
61
61
75
76
73
63
61
62
56
69
66
49
65
58
69
65
60
57
74
67
66
70
64
54
56
63
53
71
66
57
61
77
58
76
76
70
66
58
73
63
81
76
51
56
70
54
47
60
62
57
61
60
66
54
70
70
63
73
60
60
65
71
73
65
65
60
57
67
73
64
74
70
61
91
62
49
61
80
48
62
49
67
62
70
63
60
64
61
62
69
59
55
67
54
58
66
61
60
68
58
55
69
73
66
55
57
68
69
66
74
44
66
63
59
66
62
54
57
66
64
47
53
57
67
59
63
62
60
63
83
56
56
57
78
47
55
62
57
61
62
65
55
62
63
58
63
51
66
59
56
59
46
62
61
60
66
45
49
52
50
56
46
68
58
61
66
45
67
55
62
67
52
43
62
59
54
44
45
56
74
56
55
60
51
55
59
50
58
54
64
48
50
55
55
45
53
39
40
54
42
45
54
77
45
57
60
53
66
57
52
51
51
50
61
55
47
48
67
57
56
47
53
56
65
50
56
39
66
49
64
53
45
66
53
58
50
67
70
39
60
72
52
45
54
52
59
47
53
53
58
50
44
67
57
57
48
49
46
35
57
55
49
43
61
62
54
51
47
49
47
59
52
44
37
47
49
46
48
62
45
45
57
65
47
60
43
51
53
51
59
58
60
55
46
49
60
55
45
53
44
62
40
49
50
42
41
43
50
44
53
46
42
42
49
48
45
42
48
35
49
53
47
54
46
55
51
42
38
53
58
51
57
43
38
50
43
46
46
48
55
58
44
44
39
55
42
40
53
35
50
57
51
48
59
36
40
38
40
55
53
41
50
46
55
37
55
50
37
49
42
40
55
39
38
49
45
45
39
44
60
49
36
39
56
47
43
47
36
34
52
46
51
37
47
45
48
45
53
47
36
48
38
40
49
48
35
44
40
40
41
38
37
32
31
40
53
42
59
48
44
45
43
56
48
36
47
37
54
44
39
40
55
43
40
40
38
53
41
34
51
47
49
46
36
32
46
38
40
43
44
39
47
42
49
43
44
42
43
40
36
31
36
30
46
33
40
40
49
48
47
45
34
58
39
40
40
43
40
35
46
35
35
29
31
37
41
42
39
35
36
32
44
41
50
32
32
37
35
30
45
46
32
34
37
51
46
37
47
42
41
38
43
45
40
35
41
32
50
37
33
33
38
47
41
36
35
41
37
43
46
31
38
42
41
36
44
39
40
45
32
41
36
29
34
41
30
42
25
35
35
41
33
27
39
40
38
40
31
52
43
31
42
41
39
42
27
35
31
32
37
40
48
29
34
43
42
35
23
38
23
41
29
37
27
33
36
28
47
31
30
32
41
41
30
41
39
36
34
29
29
35
34
36
43
34
44
29
24
39
45
30
36
31
44
35
39
38
30
33
41
44
29
39
38
30
29
28
45
43
38
45
43
36
44
38
26
34
36
34
34
33
29
34
32
31
22
44
24
34
29
42
25
36
40
28
33
24
28
34
28
29
33
25
27
28
28
43
32
31
36
29
26
31
31
35
30
35
25
37
27
36
36
32
26
37
32
33
26
31
33
28
24
32
28
39
28
36
18
18
38
26
26
38
31
28
29
36
36
35
36
38
31
30
24
34
37
26
34
29
27
38
36
34
46
35
28
29
27
29
24
28
28
28
34
35
25
31
39
21
28
32
28
22
30
27
31
24
26
19
23
27
35
26
42
25
30
32
32
37
25
23
24
35
25
35
26
25
29
24
19
23
35
21
31
28
23
31
30
32
29
24
30
22
32
33
28
29
33
22
30
30
29
25
35
29
23
33
23
28
21
30
30
32
33
29
33
27
21
24
31
17
21
19
33
27
25
27
35
32
16
30
25
22
30
39
33
30
24
27
31
18
28
23
25
23
26
24
27
21
29
28
34
36
24
25
40
23
25
14
33
22
24
31
26
25
31
19
20
19
22
29
33
26
31
22
30
23
21
24
22
19
31
21
29
23
23
27
27
24
31
22
27
22
17
23
26
27
22
25
29
20
28
19
24
26
20
19
23
32
18
20
17
23
27
27
22
30
22
22
23
16
25
29
17
19
33
23
21
22
19
34
27
24
25
28
13
26
21
28
24
22
22
25
27
20
17
27
14
28
22
23
26
17
12
37
23
26
24
23
30
22
12
22
25
13
23
24
28
26
26
21
23
23
28
17
25
24
18
27
23
21
23
23
20
18
38
27
29
23
19
17
24
21
23
30
18
25
25
29
24
29
26
26
20
29
23
29
27
14
15
19
19
14
14
16
20
23
22
21
22
29
18
22
13
20
21
22
17
20
20
23
22
16
20
18
24
14
22
22
16
15
19
16
28
21
20
17
21
21
25
19
20
22
16
23
23
19
20
17
22
11
19
14
18
16
17
18
11
14
13
15
20
13
17
17
20
16
20
31
19
22
25
10
16
13
24
21
23
15
18
13
14
14
16
23
15
23
15
20
23
12
21
19
17
20
10
11
17
21
17
21
19
22
23
21
19
12
21
15
15
23
13
15
16
14
18
12
19
13
15
27
19
21
22
20
12
14
14
19
20
15
16
13
25
8
19
18
21
16
15
15
14
21
17
13
15
20
16
21
24
16
8
14
17
12
15
15
19
21
19
18
11
11
15
19
13
17
12
14
18
12
12
13
21
9
15
19
22
18
18
17
12
17
10
8
14
16
14
11
19
15
13
14
17
17
16
19
14
16
17
20
14
20
17
19
11
18
15
20
11
10
14
13
22
22
16
7
16
10
15
11
16
9
10
13
18
8
17
3
10
13
15
19
10
18
18
22
15
10
14
19
13
18
11
18
10
18
8
14
18
11
10
10
15
17
16
6
12
16
14
12
20
12
13
10
15
18
13
11
15
10
6
6
13
14
16
6
11
12
9
11
15
16
12
14
15
12
14
14
10
18
14
14
13
15
15
14
11
9
20
18
15
11
12
11
14
11
14
7
12
11
11
12
11
11
8
9
10
13
15
15
11
12
16
7
15
10
11
17
6
13
15
13
16
12
9
13
10
11
18
14
11
10
14
9
12
14
12
15
6
13
13
12
8
12
12
11
12
6
8
11
19
14
11
14
7
8
11
13
14
11
17
15
8
16
11
10
12
14
10
14
8
14
15
12
14
15
13
7
6
17
8
13
10
15
8
11
12
13
11
14
11
11
9
13
6
11
8
15
9
10
11
8
14
15
12
14
14
7
12
11
6
10
15
9
15
10
10
10
10
6
13
8
17
11
7
13
18
10
7
9
7
13
9
6
6
14
8
14
10
8
10
18
10
6
16
12
7
9
4
10
5
7
11
9
5
8
11
11
9
7
13
12
10
7
14
7
6
8
8
11
6
10
8
14
9
11
11
11
9
7
9
9
6
9
15
14
13
11
6
10
13
5
7
10
10
10
11
9
13
12
5
9
9
12
4
8
9
8
6
3
8
7
10
11
6
6
13
10
6
13
8
7
11
12
4
14
4
4
6
8
5
8
5
7
8
7
8
7
6
6
8
5
6
9
4
5
8
10
10
8
7
4
7
9
6
7
1
12
6
12
4
8
5
13
9
9
3
10
8
9
6
8
11
6
7
9
7
7
11
5
6
7
5
6
6
0
4
12
3
10
6
10
7
9
8
6
4
7
9
8
7
9
7
6
2
9
10
6
5
6
4
8
5
7
8
11
7
7
9
10
6
9
14
4
6
3
9
6
3
8
8
8
7
4
4
3
7
5
9
2
6
7
4
8
5
5
5
10
7
7
5
2
2
3
5
6
5
3
8
4
4
2
7
7
8
3
8
6
2
6
5
6
9
4
11
6
6
7
8
4
4
7
7
5
5
7
3
3
6
3
3
4
5
8
13
5
3
9
5
5
9
3
9
7
8
7
8
7
4
5
6
8
9
6
4
6
8
6
10
9
5
5
5
8
3
3
2
9
11
3
6
8
4
6
3
4
5
3
5
6
6
2
6
9
4
5
5
8
11
7
2
7
10
1
4
3
7
7
2
6
6
6
5
7
8
3
6
5
3
3
4
10
11
6
4
4
3
3
6
1
4
3
1
1
3
8
2
4
6
6
4
5
8
3
5
3
5
12
6
5
5
4
7
3
2
7
4
4
1
5
8
4
3
5
2
2
6
4
5
2
4
2
3
3
4
5
6
7
4
3
2
6
5
6
4
1
8
9
7
1
2
5
5
2
2
2
4
5
2
5
6
6
6
3
4
3
6
2
6
7
6
5
2
5
6
5
2
1
1
6
4
4
7
1
4
1
0
5
3
3
3
5
4
4
3
6
3
10
3
2
4
2
9
5
2
6
4
2
1
5
5
4
5
7
7
2
7
5
5
5
2
6
2
4
3
4
1
2
2
9
3
4
4
5
3
2
2
3
7
7
3
2
2
5
4
3
5
3
3
2
3
2
3
4
2
7
3
5
1
1
4
4
1
3
2
4
7
5
5
2
2
6
2
4
6
1
2
2
1
2
4
3
2
2
5
4
6
4
6
8
4
3
3
3
2
2
6
6
1
2
3
5
4
4
0
3
5
3
2
4
1
2
8
6
7
2
5
3
2
3
3
4
2
2
2
1
5
5
4
1
6
2
4
4
4
3
3
2
2
5
3
2
1
2
2
1
4
3
4
4
1
1
2
1
4
0
2
2
4
3
4
6
0
1
3
1
0
6
5
0
1
4
2
0
2
3
3
3
1
1
1
4
1
2
5
1
1
3
2
4
1
4
2
2
3
2
1
4
2
3
3
7
1
6
4
2
1
1
5
5
2
2
2
2
2
1
3
3
2
3
5
1
3
2
2
1
1
2
2
1
1
3
4
4
2
3
4
1
1
0
2
0
2
2
4
1
2
5
2
2
4
2
1
3
4
2
2
3
4
4
2
3
1
6
0
2
2
1
0
0
1
2
1
3
2
2
2
2
1
1
4
4
4
3
1
2
0
3
1
5
4
2
1
1
3
3
0
1
4
4
2
3
2
1
2
2
3
2
0
3
0
1
3
1
2
1
1
4
4
0
1
3
3
2
3
2
3
1
3
1
2
0
2
1
0
1
2
0
2
0
3
2
1
3
2
3
1
1
5
2
0
4
3
5
3
1
2
4
4
1
1
0
1
1
4
1
4
0
1
0
4
0
1
1
1
2
0
3
0
2
3
3
1
1
1
0
2
6
1
1
1
0
2
0
2
1
0
0
1
1
3
2
4
2
2
0
1
1
1
1
0
7
1
3
2
3
0
3
4
1
0
1
3
1
2
1
0
0
1
0
4
1
1
1
1
1
1
1
3
1
3
4
3
1
0
1
0
2
1
1
0
0
2
1
0
0
2
1
1
3
1
1
3
0
2
3
0
0
0
0
0
2
2
1
0
0
2
2
1
1
1
2
0
0
0
1
1
2
3
2
2
1
2
1
2
2
1
0
2
2
0
1
1
0
2
0
0
0
3
4
1
0
0
1
1
1
1
2
3
4
2
0
1
2
0
3
5
1
1
1
1
2
0
2
0
1
1
1
1
2
0
1
1
2
2
0
1
2
1
1
1
0
2
2
2
3
0
0
1
3
0
2
1
0
2
1
2
2
2
1
0
3
4
1
2
2
2
1
3
0
0
1
0
0
1
4
0
0
1
1
2
0
0
1
0
3
0
0
0
0
1
0
1
3
1
1
2
2
1
2
2
2
1
0
1
0
1
1
0
1
1
0
0
1
1
1
1
0
2
2
0
2
0
0
0
0
0
2
1
1
1
1
1
2
3
0
1
2
1
0
2
0
0
2
3
2
0
1
1
1
0
1
1
3
1
3
0
0
1
0
1
1
0
1
1
0
0
0
2
1
0
1
2
1
1
1
1
0
0
4
0
2
0
0
1
1
2
2
0
0
0
1
0
1
0
1
1
0
0
2
0
0
1
0
1
2
2
1
1
0
2
1
0
0
0
1
1
1
2
0
1
0
1
0
1
0
1
0
0
3
0
0
2
0
0
0
0
0
0
0
0
0
0
1
1
1
1
1
1
1
2
2
2
1
1
0
2
1
2
1
0
0
2
0
1
1
1
0
0
0
0
1
1
0
1
0
1
0
0
1
0
2
0
1
0
1
0
0
0
1
0
0
1
1
0
0
1
2
1
0
1
1
0
0
0
0
2
2
0
1
0
1
2
2
0
0
2
1
1
0
1
2
1
1
0
0
0
1
1
0
0
0
2
2
0
1
0
0
1
1
1
0
3
0
0
0
1
0
0
1
0
0
1
0
0
0
0
2
1
0
1
0
1
2
0
0
0
1
0
0
1
1
0
0
1
0
0
0
2
1
1
0
0
1
2
0
0
1
0
1
2
2
0
0
0
0
1
0
1
0
0
1
1
1
1
1
0
0
0
0
1
0
1
1
0
0
0
0
2
0
1
0
3
0
1
1
1
0
0
0
1
0
1
0
2
0
1
0
1
0
0
1
0
1
0
0
0
0
0
1
1
0
0
0
0
0
1
0
0
0
0
2
0
0
0
0
0
1
0
0
0
0
2
0
0
1
0
0
1
0
0
0
0
0
0
1
0
0
2
0
1
0
0
2
0
0
1
0
0
2
0
0
0
0
1
0
1
0
0
1
2
0
1
0
1
1
0
0
0
0
1
1
0
0
0
0
0
0
0
0
0
0
0
1
0
0
0
1
0
0
0
1
1
0
0
1
1
0
0
0
0
1
0
0
0
0
1
0
0
0
0
0
2
2
0
0
1
0
0
0
0
0
0
2
1
0
0
0
0
0
0
0
0
1
0
1
0
0
0
0
0
0
0
1
0
0
0
0
0
0
0
1
0
0
1
1
0
0
0
0
0
0
0
1
0
1
0
0
0
0
0
0
0
0
0
0
0
0
0
0
0
0
1
0
0
0
1
1
0
0
0
0
0
0
0
0
0
0
0
0
0
0
1
1
0
0
0
0
0
0
0
1
1
0
0
0
0
0
0
0
0
0
0
0
0
0
0
0
1
0
0
0
0
0
0
0
0
0
0
0
0
0
0
0
0
0
0
0
0
0
0
0
0
2
0
1
0
0
0
0
0
0
0
0
0
0
0
0
0
0
0
0
0
0
0
0
0
0
0
0
0
0
0
0
0
0
0
0
0
0
0
0
0
0
0
1
0
0
0
0
0
1
0
0
0
0
1
0
0
0
0
0
0
0
0
0
0
0
0
0
0
0
1
0
2
0
0
0
0
0
0
0
1
0
0
0
1
0
0
0
0
0
0
0
0
0
0
1
0
0
0
0
0
0
0
0
0
0
0
1
0
0
0
0
1
0
0
0
0
0
0
0
0
0
0
0
0
0
0
0
0
0
0
0
0
0
0
0
1
0
0
0
0
0
0
0
0
0
0
1
0
0
0
0
0
0
0
0
0
1
0
0
0
0
0
0
0
1
0
0
0
0
0
0
1
0
0
0
0
0
0
0
1
0
0
0
0
0
0
0
0
0
0
0
0
0
0
0
0
0
0
0
0
0
0
0
0
0
0
0
0
0
0
0
0
0
0
0
0
0
0
0
1
0
0
0
0
0
0
0
0
0
0
0
0
0
0
0
0
0
0
0
0
0
0
0
0
0
0
0
2
0
0
0
0
0
0
0
0
0
0
0
2
0
0
0
0
0
0
0
0
0
0
0
0
0
0
1
0
0
0
0
0
0
0
0
0
0
0
0
0
0
0
0
0
0
0
0
1
0
0
0
0
0
0
0
0
0
0
0
1
0
0
1
0
0
0
0
0
0
0
0
1
0
0
0
0
0
0
0
0
0
1
1
0
0
0
0
0
0
0
0
1
0
0
0
0
0
0
1
0
0
0
0
0
0
0
0
1
0
0
0
0
1
1
0
0
0
0
0
0
0
0
0
0
0
0
0
0
0
0
0
0
0
0
0
0
0
0
0
0
0
0
0
0
0
0
0
0
0
0
0
0
0
0
0
0
0
0
0
0
0
0
0
0
0
0
0
0
0
0
0
0
0
0
0
0
0
0
0
0
0
0
0
0
0
0
0
0
0
0
0
0
0
0
0
0
0
0
0
0
0
0
0
0
0
0
0
0
0
0
0
0
0
0
0
0
0
0
0
0
0
0
0
0
0
0
0
0
0
0
0
0
0
0
0
0
0
0
0
0
0
0
0
0
0
0
0
0
0
0
0
0
0
0
0
0
0
0
0
0
1
0
0
0
0
0
0
0
0
0
0
0
0
0
0
0
0
0
0
2
0
0
0
0
0
0
0
0
0
0
0
0
0
0
0
0
0
0
0
0
1
0
0
0
0
0
0
0
0
0
0
0
0
0
0
0
0
0
0
0
0
0
0
0
0
0
0
0
0
0
0
0
0
0
0
0
0
0
0
0
0
0
0
0
0
0
0
0
0
0
0
0
0
0
0
0
0
0
0
0
0
0
0
1
0
0
0
0
0
0
0
0
0
1
0
0
0
0
0
0
0
1
0
0
0
0
1
0
0
0
0
0
0
0
0
0
0
0
0
1
0
0
0
0
0
0
0
0
0
0
0
0
0
0
0
0
0
0
0
0
0
0
0
0
0
0
0
0
0
0
0
0
0
0
0
0
0
0
0
1
0
0
0
0
0
0
0
0
0
0
0
0
0
0
0
0
0
0
0
0
0
0
0
0
0
0
0
0
<<END>>
<<DP5 CONFIGURATION>>
RESC=?;    Reset Configuration
PURE=OFF;    PUR Interval On/Off
MCAS=NORM;    MCA Source
MCAC=8192;    MCA/MCS Channels
SOFF=OFF;    Set Spectrum Offset
GAIA=2;    Analog Gain Index
PDMD=NORM;    Peak Detect Mode (Min/Max)
THSL=0.012;    Slow Threshold
TLLD=OFF;    LLD Threshold
GATE=HI;    Gate Control
AUO1=PEAKH;    AUX_OUT Selection
PRER=OFF;    Preset Real Time
PREL=OFF;    Preset Live Time
PREC=OFF;    Preset Counts
PRCL=0;    Preset Counts Low Threshold
PRCH=8191;    Preset Counts High Threshold
SCOE=RI;    Scope Trigger Edge
SCOT=12;    Scope Trigger Position
SCOG=4;    Digital Scope Gain
MCSL=0;    MCS Low Threshold
MCSH=8191;    MCS High Threshold
MCST=0.01;    MCS Timebase
AUO2=ICR;    AUX_OUT2 Selection
GPED=RI;    G.P. Counter Edge
GPIN=AUX2;    G.P. Counter Input
GPME=ON;    G.P. Counter Uses MCA_EN?
GPGA=ON;    G.P. Counter Uses GATE?
GPMC=ON;    G.P. Counter Cleared With MCA Counters?
MCAE=OFF;    MCA/MCS Enable
PDMD=NORM;
<<DP5 CONFIGURATION END>>
<<DPP STATUS>>
Device Type: MCA8000D
Serial Number: 1319
Firmware: 6.09  Build:  0
FPGA: 1.08
Slow Count: 10305435
GP Count: 0
Real Time: 26939.059000
Live Time: 2.713000
Board Temp: 38°C
<<DPP STATUS END>>
